000110011110 101010111
1100001101 110
11000100 000
01101110 0001101
101011001100001 100110000
1110110001 101110100
111001000001 011001
10 00
0100101 101110
10100101111111110001 10101001101
00010110 01001
10010001001110100011 01001101010
0001101101 0000101
00001011000 10
1101110000000110000 10100110111
00001 01
101101101000000 0001011011
111100001101 10010100011
111101011011000 1000001
11011 10
10101101000 0010100
011000 11
0111100010 00
100111100 00
1101011001111010 1110110
1111111001000010 10001111100
001101111110110 010111
0101101101 011010
1111000111110 1000100101
11001011010 0001101000
11001101110101110 00110001000
10111001110100001 111100101
101111111 00
0011110001110010 1111111000
101011 10
1001000011100000 1001111
111000111011 010
0101000100 01100110
0011110 00001
00110110001 1000001001
00000100101100 010100
010001111 01000000
011000 10101
01110101100010001 0000100100
101100 1000
1000111 10100
0111001100110 1101010110
1000111001011010 1100101101
10011100010001 0111100100
11010110101101 0110001110
0000 01
00110111010 11111101
0001 101
1100100 0101
110111000101011 1011101
00001 01110
100010100 10011000
010010100011101 110000
11000111101001 1010110
011110110011011 101101101
0000111 10100
00100 00
11010001100 00111001
0011100111 110100001
111000011 000
00101110 0000
11011 11
0010010110111100 01010111110
01000001101010100111 10110100111
01011101100011 11001101
00011100 10111
001011000011111010 010111001
000100111100 00011110100
100000010001 0100011
10100001110 01
1111 1100
1001010 0000100
01000000100 011
10101101000110 10100011
0111011 101
1111100 011100
111111010 110011111
001100100111 011010
011010100 010000
1000111100011 011101001
10101100010 010000011
11000110010 1100000
0011001011110 11001001
00010010011100 111010
101 10
0101011000 111001
010011010 100010
00001110101 01
1101000011 01111
001110000000 1010
0101010010 11000101
0011011110001 0010
1100000 1110011
0100001 101010
01011001111011 110010
110001 00011
00100010010011 1100001
0111111100 1101
0001111011001000000 11011101001
01000101110 0101000
10111111011 00010110
1000110000 1110
01000101001 010
111000110001 01100000111
0110100111111 10111010100
0111010010011 01001
0000000100000 1101000
1101001100101 11111
0001100001 0110100
01110110100 11011
101110111110101 1101111000
00001110001011 11010100
1101111111 001010
00001011010100 0000010
110011010 110
1000100011000 00101011
111000000 111100100
0010110010111000000 1011010000
101011001010 000011011
110101101 000000001
1101100001011100 1000100
1011000001001 1111
01001110 01000
00110 1101
00110011111 0000
01110100000000 1001101001
1101111100100 100010011
10000011111110 0111100001
0101001011101000 1010010
001010001 01
101010011010 11001
0011100011010101 0011010
11100001011 00110100
011011110110 1000010011
1101111011010 1001101001
11111011 1011101
110010 010010
1101000101000101 10110100001
01000010110111 11010001
0101011110001 111100010
000011100 11101100
01100110 011101
100111110100100 11000101
01000101011 1101000010
011101101111110110 011100100
01111000000101 00101110110
101101010 10110
100101101 1001
011111 111000
011111110 1101000
00011011111 111
1110011101111 00110
01111111100 010110
000101010111 010001
0000101011 10111
0010100100101110110 0000110100
000110100 101100
10001 10
101110 011000
0101 0000
1110001011 0111011
101010100 1111010
00101101 1000
01101101 1000000
111011001 01111011
0100110101110 11111111110
1011110010001 011111
1010010100101010010 01100011010
11101101 10011100
000101101 0010
01000101111100 00011001
010101011101001 10110111001
1100100110 1001100
01101100010110 011101001
010000011 0110101
111010001010 1111
00100010 111010
01111000 000000
00001110000110 0110010011
1011110010011 00011101
101111111111010 00100101101
10000010101110 001111010
1110011000111011 000110111
0110111000001100 1011100
0100101110101000111 0110000110
000000 100001
0010000111000 1011111
01101010010 0010
111111000 11
1001010011 10
10011000100 0101
00101100100101100010 10010011011
1011101001000111 00110001
1001011110 011010011
0101111100 001
