011001101110
10111001001010000010011001001011001100100010111001110010101100110100010101101001
101110110101011001111000111000011000000110011000001110101110
010001101111110011010000
11000100
01011101110001100101010011000101
1101000110010111010101100110110101101111011000000011010110000110110010111010
0010
0001111011000101111010010010110110000000000001100111100010100011
00100011010001010100010010101010
101001101010000101000010
010000000110010101011111
000111110000000101010100001001110110001001001001101001110001
01110011001010110010110111000000110110101001011110110010100001010000110000100010
10101011100010000110111101101100101111001010
001101001010
011011001010000101011111111010111000001110010100
0001101011100111110000001111111110110101110001101011
11001000110001110011100010100110110011011100100001110100
11001111
111011010101
0000111000010101111001100110110010100001111011011000000000000101001110000010
11010101100000000001110111001000111011011001111001000011
1001010111101000100110110010100001110100010110111011
1100
11001110011001010010111001111111101001101100100101111111101111001011
0100100111010111101010011010110111101010110010111100
0110101001011110001100100000
01101110
10011111110100010001110100011011110100111111
0011100100111110011010000001011010000001
0101001111101101111010101000100110011111100110011100111001100001
1101110011000100001101010100010101011000
0011001011001011011110101010000111000111
0011001110010101100100011110
00000011100101101111100110011100111100010110011011010110111011000000
111100110010
101101010010110010000101110011100100111110111111
100101100000111110111101101001000010
110011110100011101100001101001110101100011001000011101100100
0110001111010000000010101101
01111111000110001001100010001111
1010010010000100100001000101100110111001
0101011100010101010110110101011000110000101010001001011100010101
100111111100101101110111
0000101101111001100010011000
11010110
10101011101101011010
101001000101011011011001
110111011000001111010001101110101000
1011110010010100001001101110110000101010011101001101
1101100111111011101010011011010100110101
1110000111100110010010011111
1100
0000
11000100010010110101100101010110000011001101110101011000101111010101010101100110
0100100001101011001010100101101101110000110001001000
1100011111101110
00001111101100110110101100110100010110111101100110110110
11110110111110001111
010000111101011100101001000101010010
1000
0001
00110111
110110001101000001011010101000100110001111011000000000010010
00101001000100010110100100001001010011010010001101011111
1111010010000000111110111101010001111001010101011001001101000110
101110010100001010001010010110110100101001111001001100001100000010110110
01111110100100110000011111000010
0000010000110000101010100001010100101100111101000111110000010111011000110000
0100110101000111100100011100011101001110110011001101
001111101011100000001101011101101001
11010001110001000101011001010100111110010000
1111001011101111000110001111010111111100
110010100000000011000011101001001100001100001110001000110111011001101111
11101110010000100011001111010000010110110110000011111100111010000101001111010100
1010
101001100111011010000101010111101001000100001110
101010010100101100011111000110010100110011101010
000110001101110001011011011110010000
0000110000100011
1011
01011110000100011001001001101111011110011110111000011101111111001001
011011111000001001111101
111111100000110111001110011000100001110001011011011111001111111100110001
1100010110110011
11111100100011110110101000100001000011011000
1111101001110000011010000110111000001100
1000011011111001011110110001100100011011101010001110101101111010
00001011000001000001101110111110000101000011001111000110
11010001101000000001
0011110100100110000111000111001011010111101000011001100010010111100000100001
01010001101001101100011111100001010001101110100100011111011110010100110100110000
1000110111110011110001000001110101100011111100000000101110010010100111100010
001111110100110011110011000110001110101110110100111101110001
01100110110100011010
01000001
1000101011110100110010110111100110001000111110100111000100100110111101100001
1110110001001000011110001000111011100011010101111011011000011001100111100011
1010011010000111100101011000111110011110000100011010000011000011
0001111110000000111001000100
0001
011011111000001000011101101000100100
111111010011001110011001
11011101000000101111111110011001
10111000001100001101
00101101101101100110000000101101110010010010110110000001
0001111111100111101100110100
000101010100001100111111010100101101
0111001110010100110100011010
0100100101101101000011100010000001011000100011011111
1110100010000010001010000000
0010
1010011010111100
1101101100110011110010011010
101110000000
0111000001011000100000100110000011001110
0000000111100110010010000010001010100101
000001001110000110000010000111111001101010001100100011011110
00110110001001000001111101101001100000010101
1110111110100001011100100101001101110001100000110000111101001010
0100101010111111100110011101
0110000110100010011001010011001010110011011010100111
0000001100111010111100011100
0000100101110001100000100011
100111111011100110100111000100011011110010000111001011111111
0000101100111100001111110100010011000001100110000101001110010110011011111001
010111100111111111010000001001110101100011101101111000011000001111011011
1001
01000111011111100100111000001011001100001100001000111010
100100101101011110101011101100000110010010010010
001111010010101101010110001100000000100001100101
001101101001100100000101
0101100100000100001010110111
010001100000
1011111111101010
1111110001000001101111011000001110111000001000111111
0010100100010100100000001110011111111011
1100100101110000100001101001011110000011
11001100
000001100001
010111011100011010000110
1100001010110010100111111010
001001000001000000001011101010010110010001100000
01011010110000001001001101101101
0111100100011011100000001010101000111001
00010100
0101101110101100011001001010
11010000011111100000010011111110001111000110010001010111001010010000011000001110
10111101011101100110000011111000110001000001
01010001001110101111111100100010
010000000110010010000100101000110110010100101101011000000011111111010000
10001110000011011111
00011001
110111101110
010100010000111100011100010001100011001011100000
0100111000010101111000010000111111010100100000111101000111001001100010010110
1111001001111111000110111101
11100010110000100011001110010000001010011011111010011101
1101100010111001110101010011
100000010111000111101000010001001101
110001110111
01010101101011101101111001000011110111010111100100101110
11101011
11010101001011011011000100001110010110010111101100011011110101101000
10011111011010000010100100000000001101101100101000010111001101001111011010011000
1101100001010001011011000111111111001001100101001110110111001001
01111111001001011000110001101000001110000101110110111100
01010010110101100001
01110010100000010010111000010001010001001010
00010101111100100100110101111011011110000101111001100110111011100111
1101111101101000101110100111001011001101110010001110111100010100
101011001010
0110001101010001010000100010011000000001001111000010000001000000
0000000111110100100011101010001010001000110100011011000001111010100110101111
00000100000001110001010000100111110111111000101101110111110101101101010101011001
0000010110111101010100001001111011001111010011010111101011101101
1000101100001001001100001010110001101000001001111100000011100110010010011100
11111001100110110001
000010101101101111100000111111110110000001100100010100101100
010010100000
0001
01000110111011100100001111011100
10100100010010110100
110101111001011100111000100011110110
1111100111001101111110100100
000111010101101000100100000001100111011111011100101101111000100110010100
10001011001011111111011110001110001000000011010100001001101111101111001100011000
1001
100100000100001010001010010001001001100111111011
10111111
001100100011001000111001101101001011001001100101011100001001111011001110
01100001101010000011
0010110100111111001001001110
11111101
1111011011101111110111101100
000000110111110101111010101101000111100010011001001100010001
00010001100110010011010111110010100000110110001111110011
00110011
100111111011100110110100110011110010100100110111
10100110010010001001110111000001101100010001
01100100111111111010011101000001000101011010
0110001100111010000110101001110011100111
11000000
11001110101111000010
11111000110001101010101111010110000111000110101001011011010011001001
01111101100111100100000110111010010111110010
0101101110010010110000010110101101000000000111000100010010011110000100000000
0111
1100111100111101000011111101001111101000101111011001111000110100010101110110
00111001001101001001
1011110011011110100101000011001111000111000001110001000100101111
001100101011000100000000001001101110111001111011
1000
010101000100110101110000011000001110
001101110110
1011000101101100001011010101100101000010101001110110010110010101
01110001000110100011101101110101010001110100010001100101
0010011101010011101110001000001100001010
0101011000100111
0110001101101100010101100100010101001000
00010110011001010111000110010111010101100001000000010001010100010110
000011010100011010010111011000111000011001101011100010100101001110000110
000100111000011010001111011001110110
0100010110010011000100110111
011101000110000001101010
00100011011001100101010101100110
011000000010100100111001100000111000
01100010010101011101011001100010011110011111011001110101
011000110011101000100110
01110101011000110101
0010011110110110000010110000
0101010010010101001000000110001100010111001101010000100100011101011101110111
00000001001001011000011010000010011000000111011101000110011100100111100111110111
111011010110000101010101
1000010110011011011001010001001001110110010110000111
0110001001100110100101110110010110110010011101100101011101001100
0110100011101011010101000110011001101001
010001010010100101101000110001100110
100101111110011000000000010101000101001000110011011010000100010100010010
010010000010
00000100001100001001001000001001000001011001011000011101001010000011010110010110
001000100111011001101010011101100111
0010010110010111000100010110
1101100101000111010010010011100000010111
000100110101
010001110111011100100011011100111001010100000111
01110110001001100111101100100010011001011011011110000110
000101100111011110111000011000110111000100010110101110000101100001110010
011100110001000010101001010101100011
0011010100111110011101010111011101110000010101010110
011101100111010101101000011110010010011011100101
111001100101011111010110
011011101111010101111011000001010011000100110110011101100001
01110111
110000011111000101100011100101001101011111010111010110000110
1001011001111101
1001100100101000100001110001011101110010000000110001010100110111001110000110
000001010110111100000101010101010111
0000100100000011001001100001110011100111001010010110001010000101
100101110000011001010110100101010111
0110011110000111010101100111010101000110000101110100011101110111010000100110
0100
10100001001100011001011101110111011100010110100101110101111001100110
00111001011000100010100111110010101100111000
0101011000100100011010000111000110000101
10001100
00000110000100100101100001100101011001100110001101000110000100000001
100101100101001110001010
00100101100011100010010110001110
0000
10010100000000000010
01010110100111010101011010100010001101111000
011101011101101010000110010100100111100001111000
00010111011000111010010111000111
0101100100010100100001010010010111010010001101110110
00000111010001010110011101111001
0000100001100111010000101000000001111001010110000111001010010110100000000101
0100100100010001010001010001000001100110100001010001010001000111
01100101011101010101011100000001
00010100010101110110
0101010001100111
0010100001000110001000101001011001010000011000110001
0111
0110001001010111
0101011100100111100101111110001001110001
0110
0111011100110110010100011000000000110111001101010001100111000111000101100111
011101000110001001000001111001000100100101100111010101010101
01000110000000110110100000110001010101110111
000000000110010001100001011100000101010100001000011101011000
0101
01000111
01010010000000110111
0100011000000011100001100101100101110110011100011101010001000101001000010010
10100111011001010110010110101001011100110011
01010110101101000010011101110110011101100001000011000110011011101000
0110010101110001001101010101011110000101
01100101100101011000011000111000
01011000010110010000010110010110011000110111111101110111010001010010000010000100
0111011111101000100101111100100101100100011101100111
000001110111011011111000110100000111111101110110010101001111
011100001110
001001110010000100001101010100000111011000000101100010011001
10110010010101011001010110110010000001011000010101100100011001010111000100110001
1001010110000110000000110011
0101010000110111
00010011011001000110010100011000011101011001011001100000010100001111001001011010
0111
0001111001110101010101010110
011101110110
010000000111010000000111
110101010111011001100111001001100000010001010110
000001010111111000110100011110010101011001010101010100100000
011001010010010100010010
11101111000001110100011101011001
0101000001110111
01010110000001010011010101010011011110110101000011110100
000001011010011001010111011001110110
001011011010001011011010
0000100000111101011000000110010010110100001100100001111001001000100000011000
0000101001010001011000010111011101010000010100010101001010010101100100000011
111001110001010100111001
0010011001110110011001010011000010010111010100110000011100110110011010100101
011001010001001001000100
1010010011110110
01100111010110010110000101100111010011000011
000011000100000110110011010101100101011001110101100001010110
011001110110100000001100
1110110011011001100010000011011000011101
10000101010101100001
1001000001010101010101100111110000110100010101110101010101011000010101100011
100101101000011110001000010001100110110001110101000000000110100001001000
0001110001100011000110001011
101010000010001100100101100101010101
1001011011011001111001111101111001011000101001100101010101000010
011101100101
0110000100100000010101010011000001110110011110010010010100111000
000101010010
011101000100
011001100110000100010110
100101111001000100000110
01011000011100110110
0101
011010100011001000010001101001110110
0101010110011111010000100110001001011010010001100111011111000111
10000000011101010110100101010110001101110111011101110101000001010111101101011111
01010010
001110010100111001110111000001100101
10010111010101100101111110111000011101100110110001010111001100110111010001010101
01010101010101010110000001101000101101110110010010011010
001101100001010000000001011000001000011000001001
010101110110001101100101010100110110100010100111010001100011
10010110010001100110111001100010010100110111011101000110000110001110110000110101
100100000101001001010010011111100010000100100001
0101010101110100011101100100011101100101011101111001010101110010010111100110
00110111010000110111011010100011011111010101
0101010110000101000100111001100001011110001011000110
0101001101110001010101000100110100100000011001100111100010001010
0111011000101001
010010000001010110000111
000101110101001011010100010100110101
010100111110010000110010001101110011010101010100
010100100110001001100111011101110110001101100100011010000100
0011011100010010010101101000111110000110
11010111000001010110000000010001011101110110100001100000011100110111
0110100100000101
01010110100000100111
001110010111100101110010000101100000
00100101011001010101011111010100011001100111011001100111
1110001101101110010010000111001000110001011101010110011101010001
00010011100100101000010001000101100010010100101000011000
10110101011000000110001110010110110100000101
00110111001101011011000001110111
10110101010001110000001101100110001101011100011001111001
0110
01100111001110000101001101010010111001000111
1000011111010110000000010001
010110000111011110111001011001110001
101011000101
100101111001001001010101010101111010010100000111000110000111
011110000000000001000110100001100101
00010111010101100110100000111111011100000011011101110110
011110011010001000001001010000010111010110010101101001100100
01100101011001101101
01110010010101010111011010000001010001000101010111111001
0110011001100100010100111001
0010010100100101
011111100001
001001010011010101110000101000110101000100100101100001011001011101110110
0111000100100100011001100110010101100101
0101011001010101011000010111
01001110011101101000011101011000011000010111
01110100010101111111000010010011010110010000
10011000001101110110
011110001000011001110010101101111000110001110000011010001100
01100100011101010010100101110010101000110110011101100010010010000001100110010111
100000100010100001010011100000100111000001100110011001110100
1000
000101010011010000110011100110000111010110010001011101111000
010001011001011001000110
0101100101100000
01100101011000110111011101100110011101100101000111110011000001100001
0111
00010011101101101001000101010111000001100100100101010111100101101101011100010101
001110011001001001111001
010101110010010000110010011100110110
0001011101011101011001110111011001110010100111100010010101011110
0110100111001100010111010110010101100001
100001001000011010010111010101100100010100111011011101110101
00100111
011101110111000101010111011000110100001001000101
00010101
0001110101110101011101011001010101110111
011000000010011101110011111101111001
1110000110001011100001100100
0110
011101110000011000100110000000010111010101000111010101010101011101110000
0111010101110101011001011000110110000111011001010111011101110110
0110011000000100000000110111000010000101011101010101011100011101010100100100
0010011010010100
01100001100000011001010101010111011100000101100101110000010101110011100010000101
011001010000100101000000
101000010000
01101010
0110011001010011010100010110010101000100110010000000001101010110101100010110
01010111001001111000011100111001010010100011
0011001101110101011010010111100101000001000000000101001100011001
011101110110011011100101011100000110001001010101010110011011001010000011
0100101110100001001000110101010101101010100001001000011010100101000100100111
010101010110011110010101011110000001
010101010110101001110111010110000101000101100101110001101001
01100010111001111010011001010111011100010101011101110100001100000101
10010110010101100001001010000101010100010101011001110110000001110011011010010010
0110
001110010110001101100111
10000101011100110101010100010011011001111000
11110101
00010010011001100011
00110111011001100001010110000111001001100110011100010111010101101000
01010001100011100001001001010101
01100110011001110000001100010010011000110101
01010110011110000000
11110110
011110001001111100010100110001100110100101010110011001100110001101110011
000111011100011101110111110001110111
010101010110010101110010010101101101111001001011011101010100
1101011001100101
0000100100110000011001100111001111110001001000010111010000010111001110110111
000001101011000001101011
0001010100111010001000010111001000100101011010000000011101010111
0101111010001010000000110110011001011001011100010110100101111101
1000011010001100000110100111
0101010101110001
100000010000001001010101100010000111011101010000000001010110
001001010101001001010101
0000011100001100100100000110
0111010110010100
10000101010001100101000001110001000000000101010110010101010111011011
01010101
01100000010101101010
0110000000110110010101000110100010011001011100100000100100010001011010011101
001101010101000110010101010001000101
0101000001010000
0001110110000101011101110010011110000001011000000000100001001000
011001001111011001110101011001110001101110010110
100100001001000111100110100110000100011001110101011010000101
1001010111001001011110010110
010101100010
0111010110010010010100110001
0111011001110110
00000010011001100110011010110001
01010000011000100011
0000100100010000001001101001001101100101
10011001001100110100111000111100
001001100000111100100110011000001001011001010010
00001001011010010010011101011001001000001001
01000100000001110000
0001011001100101111010000110000110000110110101010111010100110111
000100000100000001110001010100011001010101100011
11111001001100110101010001000111
00000101010110011101
001000000010010110010101011000100000011101100111
01011000011100100110011001100110011001100000000101010101
00010100001100011001
10000111010101000000001001010110101100010011011110010011011101110111
01110111111110000111000100011001010110010010
0101011100010111
00101000100001001000011101010110100001100101
00001000001000010111010101110010001010110000011101101000011100110001
10000011000011100101000100110110100000010000
010101110011101001010111100000010101000101110101010110000111001001100001
010100001000010100001000
0101000001100110000000100110001010010111101011000111000101111000100001110001
00100011111000100101110111110011
0110
1110011110100010100000111001010001101100011111001010001100000110010100100101
0001000000010010011000011001
000001110111011001010010010101100101011010000101010110000101000101100000
0111011000110100
