821673214
511337450
886871296
799895250
735893473
504669045
846204657
505959792
504669045
872403489
877521458
842164536
518839811
770309737
770309737
770309737
770309737
770309737
770309737
770309737
770309737
770309737
770309737
770309737
770309737
751658243
817467154
804643731
511284060
530823196
788450582
797579107
874423515
844757058
695653124
500120621
707306990
796681042
626988775
754001481
504669045
504669045
504669045
504669045
504669045
699576296
754179405
535180808
588517083
637889815
738328944
770309737
539367013
511499123
666661961
528523415
789557450
838973640
828169676
710023416
731704885
511416750
604226721
670473590
750190145
770309737
770309737
770309737
770309737
770309737
770309737
770309737
723612277
776298328
833710179
872765329
511208890
651857837
818481032
552326796
823134487
883149184
632085548
599343891
779448634
511227980
527231153
527231153
527231153
527231153
527231153
527231153
527231153
527231153
527231153
527231153
511951640
789807861
796494407
562562858
850575909
762928233
899945866
515579101
511469905
740744073
768433888
695000757
525654564
881047650
657154593
865873953
511141395
731245665
826449915
554198020
898555527
585505649
533036214
610432747
864830423
647045197
849403619
700755284
511692135
711065275
838618400
808344247
844265746
830340078
718704988
880115617
711062720
530258583
808755546
559582269
672517956
860880792
770309737
770309737
770309737
770309737
770309737
770309737
770309737
770309737
770309737
770309737
770309737
830387840
829138418
510442188
648801892
542471673
599932679
829376732
575316093
866642007
511549617
616014336
715115458
629347288
520634164
511972687
582478588
758172242
580874505
651977190
719800313
759000881
868088757
837836991
506954709
892450551
646970164
581069298
511033876
617386695
618237372
737369433
608854705
561504787
884267915
622997696
766732577
860601191
809292567
777963542
799905820
511357273
673959916
892001749
844676404
601363453
747601455
709746874
575854639
770289719
685009485
777951430
511797929
687387318
815244756
781672950
534853591
513112852
786516264
557791466
894392013
896135146
768234307
700095893
634660015
768154171
741410136
576961408
609230358
839185883
686021580
581302334
553782991
789403850
556350703
767307532
876309473
511024753
724586713
661291357
628816584
511463948
557279286
561818333
604084005
724737931
585572455
563113284
838206797
686464899
620866037
604104933
712855482
521114386
805148912
771964465
514367419
588726164
550772146
511619180
771455147
511691460
638538013
511376031
585060514
850764187
822175091
890117620
595973898
685807830
694257654
776193327
628406607
781891458
791443063
574788139
511583478
645553932
708089495
669255355
885716678
822591219
625315821
813642938
723513957
735649952
557295224
508033828
511368064
523781712
662019894
711422069
511212315
829368910
863905652
756447345
770309737
770309737
511000000
770309737
770309737
770309737
770309737
770309737
770309737
561518287
542892229
794112597
649289489
511100599
531802974
730489234
547446287
519221275
614555745
734541101
664263727
835854901
602488285
786525578
827365461
764859813
649869199
770309737
770309737
770309737
770309737
770309737
770309737
770309737
770309737
770309737
770309737
647126740
688001668
577743623
511533664
553516344
604204040
733985554
551444944
524322124
658060352
681479334
844572330
623337579
623337579
623337579
623337579
623337579
623337579
623337579
623337579
623337579
693442064
825287614
716798628
885009826
637256048
549654776
756294674
609365461
511219834
622126553
733439030
544225823
835411427
634684396
504669045
504669045
504669045
504669045
504669045
504669045
504669045
864136975
579999025
816343913
867414964
816845120
869530440
768595608
552182274
746075570
762249616
505292122
878680930
743538269
751676576
511677599
738262561
511784009
765895974
838620759
730712683
864388705
834054347
895959750
895566645
662654536
584702115
753610057
673076691
669453469
877037133
581509578
710716425
665204200
851577515
526031517
650407156
563332708
632227635
623337579
623337579
623337579
623337579
623337579
623337579
623337579
623337579
623337579
623337579
647488392
628998242
697784501
548707808
605137179
511329014
550357157
559083673
696946597
696946597
696946597
696946597
696946597
794967106
600799527
504196176
642371518
525083911
705547057
604113075
522368464
545271403
550614319
765999091
671805973
599045818
832530853
622011270
716778903
511921807
500866442
769984012
795642286
591599905
865715406
787480609
846198236
876513544
648478361
761929149
758936351
821847674
511405916
716941863
615128833
596532851
899694815
592870927
816755625
712199774
507243097
865094471
761297952
670501554
840447333
800416222
674969097
511398024
677191388
514300565
829390306
828148750
728257806
728257806
728257806
728257806
728257806
728257806
728257806
728257806
728257806
728257806
728257806
728257806
728257806
728257806
728257806
728257806
728257806
806458414
819228494
891126146
608684135
511062774
814721654
716127091
743375621
588091597
800226123
646706149
504669045
504669045
504669045
504669045
504669045
504669045
659392629
591779293
587840558
564726605
635793808
551975398
527231153
527231153
527231153
527231153
527231153
527231153
527231153
527231153
527231153
527231153
527231153
527231153
525639631
859392941
584297404
654428842
722937032
526459851
624611313
500778714
613109352
871840387
822845620
511034368
540635790
531884221
546361837
728469805
660405067
601225926
585582010
805855739
619462702
511067383
734791565
763142654
766699000
751828553
817724707
630385135
839281280
884375974
821311656
670334629
751185980
660387313
613187956
511307111
723468295
897912088
511060811
738218004
881274799
866429280
885982000
693393701
694292107
612778347
552389543
553335212
708417157
724515699
739808765
855988531
546028479
514354447
582205306
622627997
744518827
827318069
597398030
728257806
728257806
728257806
728257806
728257806
728257806
728257806
728257806
728257806
728257806
728257806
728257806
728257806
728257806
897845395
676357134
888844773
584425565
619462284
825780067
511375461
785496140
644891968
579950890
667402647
850660159
725782324
622594274
511662384
543345030
599602053
787602865
784771196
643794749
848073589
896047040
667369445
546509824
835896077
728893753
759387230
841383886
790213522
743226381
643453072
848334579
888283821
694459152
600618991
624948786
707050587
737464345
617049920
511763387
544214588
724878273
540312883
524097013
517454934
853033755
663834037
679977475
672157626
770395679
683495883
764365176
857104006
559329123
591699698
677337555
833339615
800589674
766288891
565721676
594531337
553647314
856997156
518238073
752226847
782538761
711207342
619910079
654242265
753267164
769130365
642977551
696946597
696946597
696946597
696946597
696946597
696946597
779579192
502166063
894777464
547543660
738389788
512161069
777514814
606841443
696946597
696946597
696946597
696946597
696946597
696946597
696946597
696946597
696946597
856839956
657611184
863387929
564624561
794785111
716425278
729923928
751031422
733555338
623200519
526173266
709888234
595953148
885708623
555791646
858194923
511451163
603162515
898148557
636351063
845239121
684151622
693156301
862867274
611432947
675832574
556739493
636638444
896706998
573536094
768934617
650621394
829048722
896534367
773606410
849295668
550576460
757947631
733439770
754344126
579896754
725486384
531521117
511183620
547314969
717322883
672407092
555976295
864769764
875532837
573586280
685588979
553283461
527231153
527231153
527231153
527231153
527231153
527231153
527231153
527231153
527231153
527231153
527231153
527231153
527231153
527231153
527231153
527231153
527231153
720039044
530311640
733238706
557412044
559823688
781702177
623337579
623337579
623337579
623337579
623337579
623337579
623337579
623337579
623337579
623337579
623337579
623337579
846567675
511927830
522738929
740745364
624966683
720214691
529967923
830779548
582184948
732712992
623561179
735279896
739339530
779047245
643248486
881264318
828732803
622124862
599637677
511940422
609883663
772735378
627561129
755264924
703864985
743655985
633907008
762962193
553489178
897447253
801133960
662876405
665722787
543655115
714433719
547418550
764351911
541898134
822524330
689694158
547954342
709667683
872462194
848936890
819216964
581230084
788301983
652094722
663896245
594419897
690834627
824644837
802955037
643563433
547461538
504669045
504669045
504669045
504669045
504669045
504669045
504669045
504669045
504669045
799815194
543719744
519335876
629600397
569692687
719111684
624626875
794540291
828486669
591315196
528305979
719552164
665519967
511900784
890119863
807759277
871233618
727423056
789935092
773520097
669172495
603604387
780388695
526954738
529677221
691595044
701041997
734169284
680408051
666277489
572885658
602482996
865933172
795620267
714843243
845163508
556280246
616722553
587278504
651336180
640959533
875910189
750759105
634014890
717871044
750401151
610445381
561644110
769729187
890055667
511866781
694547214
766040034
798186393
520077912
735761600
606068970
571470114
527096622
718208069
820321767
787017907
575009749
790809372
745533018
643639155
859654154
781273807
655649155
777605514
609638299
734471987
562965056
659704047
815534840
766728101
668346042
657147951
761621988
547099424
682444155
837065240
875522854
596319356
817464997
522433070
665442055
549494799
827153670
651212483
736133071
511705513
806419694
882259026
725202548
745020028
601446919
874477378
882266663
657245909
565416683
711343937
688390435
787755591
511613083
891421939
597070673
596554984
870347760
544078920
883159256
742642001
832457094
836204781
604410767
630983656
701425798
643229187
832281396
667934458
794332444
873794448
637602439
542714569
850230966
721370540
635227441
878942566
511754640
728257806
728257806
728257806
728257806
728257806
728257806
728257806
728257806
728257806
728257806
728257806
728257806
728257806
728257806
661359740
504669045
561505276
772673278
637538827
560274091
739215889
781418900
552695739
511871857
778740929
773547704
