4.4
1 5 6 6 8 13 13 14 15 15 24 24 33 33 34 35 36 41 44 
4 8 8 14 16 17 19 22 28 28 33 38 42 43 45 45 46 46 
5 5 9 10 11 11 16 16 17 21 26 28 28 30 31 
5 6 13 14 17 17 19 24 26 27 29 29 36 36 38 38 44 44 
1 4 4 4 6 9 13 18 18 19 25 27 32 33 34 34 39 
2 2 5 9 9 13 15 20 21 24 26 27 31 32 34 37 38 42 43 
0 5 6 6 12 14 15 15 16 18 21 26 26 26 30 31 37 
5 6 6 11 12 14 17 20 21 22 29 30 35 37 39 43 46 47 
7 9 10 15 15 17 18 20 27 28 34 37 40 43 46 48 48 
5 8 9 9 11 15 19 19 19 27 27 27 30 34 36 38 43 45 
0 1 4 4 9 14 14 16 16 17 17 17 18 22 23 25 26 
3 8 8 9 9 12 14 16 23 26 28 31 36 37 41 43 43 44 
3 6 8 10 11 13 13 18 23 24 29 32 33 37 37 
6 7 7 10 11 16 16 16 23 25 30 30 37 38 39 43 43 43 49 
9 10 10 16 17 18 22 22 27 29 31 37 40 43 43 53 53 
6 6 6 8 14 14 16 18 21 25 26 29 34 35 36 39 42 
0 0 5 6 7 12 14 14 18 19 26 27 32 33 33 36 
7 9 15 17 17 21 24 27 27 28 31 35 40 41 42 45 50 50 50 
3 8 8 10 10 12 14 17 23 23 24 27 28 32 33 37 37 40 
2 9 9 10 14 15 18 25 25 25 26 27 34 34 37 39 39 
0 4 5 6 11 13 13 17 23 25 25 34 35 36 43 44 45 46 
6 6 7 9 13 19 20 23 25 25 29 30 31 32 38 39 40 41 41 
2 5 6 8 8 8 13 18 19 22 22 26 28 30 32 34 34 41 41 
4 4 7 12 14 14 22 23 24 27 27 30 36 37 37 40 47 47 54 
6 8 14 17 17 18 21 24 26 30 33 37 37 42 46 49 50 
4 6 12 15 20 24 30 30 35 36 44 46 46 51 55 56 57 60 65 
0 4 4 5 9 12 15 16 20 21 23 25 31 34 38 40 42 
2 2 3 10 13 14 15 21 23 24 25 27 28 32 34 40 
6 8 9 15 16 16 16 23 24 25 26 28 33 34 38 40 42 42 
1 8 10 11 16 16 18 19 22 24 26 28 31 33 38 42 
9 9 10 13 15 16 17 23 24 29 31 33 36 39 40 41 41 46 49 
3 10 12 18 21 21 24 25 26 27 31 32 33 38 41 41 41 46 46 
2 6 7 7 11 12 14 15 19 22 22 30 30 31 32 36 
1 4 7 9 11 14 15 17 20 22 23 24 30 30 31 33 
4 5 7 10 16 17 18 20 25 27 28 30 30 35 37 
0 2 4 7 9 17 18 20 24 26 27 34 36 37 42 46 51 51 60 
6 8 10 13 13 19 22 26 27 35 36 43 43 45 48 55 55 
1 9 10 10 12 12 15 22 22 23 24 29 31 32 33 38 
9 10 11 12 16 19 19 26 28 31 32 33 40 41 44 49 51 51 55 
9 10 13 13 15 23 24 24 29 29 33 38 39 43 43 48 52 56 56 
3 6 9 9 14 19 19 23 28 30 35 36 41 43 44 47 48 51 
1 2 3 6 9 12 13 17 18 19 25 26 27 31 34 
1 9 9 11 14 14 19 22 24 28 28 34 35 39 
6 10 14 16 17 20 24 26 33 34 36 42 42 50 52 55 55 64 64 
1 3 4 7 10 12 13 17 18 21 22 28 30 33 34 41 42 44 
0 0 1 5 10 10 11 16 17 19 19 22 26 28 34 35 38 38 
2 2 4 6 12 15 16 18 20 20 23 26 27 30 31 37 41 44 
1 9 9 12 12 16 22 22 29 31 32 37 39 45 45 50 53 
2 4 6 10 10 11 13 15 22 23 24 24 29 30 30 
2 3 4 9 14 15 16 20 25 26 27 28 31 36 37 38 42 43 
3 3 9 12 12 14 14 15 22 23 25 28 28 33 36 36 37 
3 7 10 13 17 17 21 24 30 32 37 39 42 44 48 49 51 54 54 
5 6 11 11 15 19 22 23 23 32 33 38 38 43 46 48 48 50 53 
1 2 7 7 8 10 11 18 20 23 27 31 32 35 40 
4 9 10 12 16 19 20 24 28 29 34 36 36 36 44 45 
4 4 8 12 13 16 21 23 29 32 33 33 37 41 43 43 45 
5 5 9 12 14 15 22 24 29 30 31 31 31 32 34 34 35 41 44 
1 1 1 1 8 9 10 17 20 24 28 30 35 35 40 40 47 50 
7 8 10 18 18 18 22 23 24 27 28 28 35 37 37 40 41 45 51 
7 9 13 13 14 15 17 18 19 22 22 25 28 30 34 35 
8 10 10 12 14 14 22 22 23 24 26 26 32 35 36 37 
2 3 7 8 9 14 18 22 24 30 30 33 36 43 45 52 54 55 63 
7 7 9 14 16 17 19 23 23 28 28 28 30 36 
3 4 5 10 15 18 19 27 28 31 38 39 42 48 51 54 57 59 61 
0 3 4 4 13 14 15 17 21 21 25 25 26 29 31 34 38 39 
1 3 3 4 4 10 12 12 14 19 22 22 29 29 34 38 
8 10 14 17 21 22 28 30 36 37 43 44 45 48 49 50 50 52 59 
1 6 8 11 12 18 18 26 27 27 29 33 37 38 39 40 
2 6 7 8 13 15 16 17 18 21 23 28 30 35 36 39 42 42 
1 5 6 6 15 15 16 16 22 22 26 28 32 34 36 37 40 
2 3 11 12 12 15 16 16 18 20 21 24 28 34 36 37 38 41 43 
0 2 8 9 9 9 12 19 21 27 29 31 34 36 37 
4 9 10 14 19 24 26 27 32 36 38 39 43 43 47 47 49 49 49 
0 4 5 8 10 15 15 17 19 20 23 25 26 27 
5 9 11 18 19 24 24 26 28 31 32 34 39 40 42 44 45 
4 6 8 8 13 15 17 24 27 32 35 37 39 39 44 44 47 48 57 
9 10 10 14 18 20 23 24 32 33 38 42 47 48 54 57 58 59 62 
1 4 10 10 13 18 21 22 25 29 30 33 34 36 36 38 44 
0 6 6 8 12 15 19 22 24 25 31 32 33 35 37 40 40 45 
7 10 12 17 20 26 26 30 33 36 36 40 44 46 47 51 54 
3 8 9 15 17 18 18 20 26 26 29 31 33 36 40 42 43 50 
1 3 4 8 8 11 12 13 18 20 20 24 29 29 29 
2 7 10 15 20 21 22 27 28 28 29 35 37 42 45 47 49 
5 6 10 15 19 22 24 28 31 36 41 42 45 46 47 52 53 57 
0 4 8 10 14 16 19 23 28 30 37 38 47 48 51 54 55 58 
8 9 12 13 14 15 24 24 24 30 30 31 32 40 40 40 43 44 49 
2 2 8 11 14 17 23 24 24 25 25 29 32 33 33 38 39 
4 5 6 8 10 10 14 15 21 24 28 31 33 40 41 49 51 
8 9 13 13 14 16 17 19 19 19 26 26 26 32 32 32 41 41 
6 9 13 13 14 14 22 23 29 32 32 32 35 36 41 42 43 47 
0 9 10 11 17 18 19 19 26 29 35 37 37 43 43 47 50 51 
2 8 10 11 12 14 17 22 23 23 24 24 27 30 31 37 
2 9 11 18 18 20 22 25 27 32 34 41 43 44 45 54 54 56 
1 3 7 12 13 13 14 15 21 23 28 29 31 31 35 38 38 46 
2 5 8 11 18 18 21 24 26 31 32 33 35 36 38 40 
0 7 7 9 13 15 17 20 21 21 26 26 26 31 33 34 36 44 
0 2 4 7 10 10 12 20 20 20 21 21 22 24 25 29 
0 7 7 9 10 12 13 15 19 22 25 25 28 31 36 37 37 41 47 
5 7 9 11 13 14 16 17 21 22 26 29 29 31 34 36 
7 10 11 13 18 19 28 28 28 30 33 34 35 41 41 42 44 
3 4 7 8 15 15 16 19 20 27 29 29 35 39 40 41 41 46 
1 4 6 9 11 15 16 21 25 28 30 35 37 37 39 40 43 
0 3 7 9 11 12 15 15 22 24 25 27 30 33 37 40 42 
2 7 9 12 17 18 20 20 26 27 30 32 35 35 41 42 48 48 
6 7 9 16 17 19 25 26 26 29 33 34 36 37 40 40 
2 7 9 13 17 23 27 28 32 38 39 42 45 49 49 50 53 53 
5 9 10 11 12 17 18 19 20 25 28 31 33 34 36 38 38 38 
4 5 6 10 16 16 17 21 23 23 25 27 28 28 36 38 41 
4 8 14 16 23 24 25 30 33 36 36 39 40 43 44 44 
3 6 8 10 10 11 18 19 19 22 26 28 28 34 36 
0 3 5 6 7 10 10 12 13 19 21 23 26 28 32 32 37 
2 3 6 8 11 16 18 20 21 21 21 23 28 31 32 36 37 37 38 
3 5 6 8 9 11 13 14 23 23 32 32 32 32 37 39 42 44 47 
1 10 10 10 10 12 12 14 14 23 24 25 29 32 
2 7 9 10 13 15 17 22 25 28 30 31 35 39 40 45 
4 4 9 9 9 16 17 17 17 18 21 27 27 32 33 36 
6 9 10 13 18 19 20 24 26 32 34 37 39 39 42 42 44 48 48 
7 8 13 16 17 22 23 25 29 32 39 42 42 48 52 52 53 
5 7 14 16 17 18 23 24 30 33 33 40 41 45 46 47 50 
3 9 11 13 15 20 21 22 27 30 30 31 32 35 41 45 49 54 
6 6 7 12 14 15 17 18 21 26 26 30 31 32 34 37 42 
4 5 9 13 16 20 20 22 26 27 29 31 34 39 44 47 47 49 55 
8 8 11 12 15 20 21 25 26 29 32 39 42 46 48 48 53 54 
5 8 12 16 17 18 19 24 25 27 29 34 34 35 37 37 41 44 
1 3 3 5 9 12 13 16 18 20 23 24 25 28 28 29 29 
4 4 4 8 11 13 18 20 23 29 29 30 32 33 39 39 42 43 46 
1 3 4 4 4 7 9 9 9 17 17 17 25 27 28 32 32 42 42 
3 6 7 9 14 15 24 24 27 30 32 34 37 39 41 41 41 44 
5 9 9 10 13 18 20 21 23 25 28 32 34 36 37 38 40 43 
0 0 6 6 9 12 13 14 15 18 23 28 30 31 38 39 
4 6 6 9 10 17 19 24 28 32 34 37 39 43 43 45 
2 3 4 9 14 15 18 24 27 27 30 33 34 35 36 37 40 46 
0 7 9 12 13 19 23 25 30 33 40 42 48 50 54 54 57 58 
3 8 9 11 13 20 21 27 28 30 33 35 39 45 48 49 51 51 
8 8 10 10 15 19 22 24 30 32 37 37 37 38 40 47 
0 2 5 6 10 10 17 18 18 25 26 27 35 35 44 45 51 54 55 
4 5 7 7 12 12 15 17 20 22 27 28 28 36 37 39 40 42 44 
1 8 11 15 17 19 20 22 26 27 29 30 32 39 40 46 
6 7 7 10 14 16 16 19 22 23 29 29 31 38 38 40 43 49 
3 7 8 12 13 15 16 19 22 25 31 32 32 35 39 40 40 
3 5 9 10 13 16 18 23 27 28 30 31 34 34 36 40 41 48 50 
0 3 7 8 9 10 18 18 19 25 29 31 33 33 
4 4 6 7 7 11 12 16 19 20 25 28 34 37 41 47 50 50 
6 9 13 17 18 18 19 19 20 20 22 22 23 28 30 30 30 33 34 
5 8 10 12 15 17 19 21 25 31 33 34 38 43 43 47 50 
2 8 12 12 13 16 19 24 26 27 35 36 36 37 37 45 45 46 
2 6 7 7 7 11 15 21 21 22 23 23 29 29 30 31 36 37 
3 7 7 9 10 12 13 15 18 23 24 26 28 33 34 36 37 
2 2 2 3 9 9 14 17 19 25 27 27 29 31 34 35 38 39 
7 10 17 18 24 26 31 33 38 40 41 42 44 45 47 52 54 59 60 
0 7 9 9 12 12 17 17 19 21 25 26 26 27 32 32 32 40 
1 4 7 9 9 12 18 22 23 24 25 25 25 26 30 35 36 
1 6 8 10 10 13 18 18 21 24 25 26 29 31 34 40 42 43 
6 8 10 11 13 14 15 16 18 21 24 28 32 33 34 35 39 43 45 
3 6 8 8 15 16 17 19 24 29 31 31 38 41 47 48 51 52 
5 9 10 12 15 15 16 21 24 24 24 25 28 33 35 40 41 42 44 
5 5 10 13 15 15 15 16 25 26 27 33 33 36 39 
1 2 6 7 8 15 16 19 20 23 27 32 32 38 41 44 48 50 
2 2 11 12 16 16 18 22 26 27 27 30 34 35 39 40 45 46 46 
5 6 9 13 16 19 20 26 28 29 31 34 36 39 40 40 42 43 
6 9 10 14 14 18 19 21 25 29 30 30 30 31 34 38 39 40 41 
1 2 3 5 5 7 9 13 15 19 21 21 23 24 
8 8 11 17 17 23 25 26 27 29 37 39 44 45 45 51 54 58 60 
3 5 8 10 11 14 15 20 25 30 30 30 32 36 36 42 45 46 46 
4 7 10 10 13 16 19 21 21 21 24 31 32 34 36 42 
0 2 4 7 10 10 12 16 19 20 21 22 24 25 27 28 36 38 
9 9 14 14 15 19 22 22 26 32 35 38 42 43 45 46 55 56 
4 8 12 14 17 22 22 26 31 34 35 39 41 41 41 50 51 51 
0 2 3 6 9 9 12 13 16 16 19 21 21 23 26 29 31 
6 6 10 12 14 21 24 29 30 31 35 36 38 42 43 44 44 45 48 
6 9 9 11 14 16 19 22 24 24 28 31 34 41 41 
3 8 8 8 13 15 19 20 24 25 28 33 35 39 43 43 45 46 53 
1 1 10 11 16 19 21 21 24 27 27 34 36 41 42 43 46 47 50 
0 0 7 9 13 13 16 17 23 24 27 33 36 41 44 44 
9 10 12 14 16 18 18 19 25 26 28 31 34 35 41 41 43 43 
3 5 10 10 16 16 20 23 27 28 29 31 31 34 36 42 44 50 
7 8 11 11 17 20 21 22 25 27 32 33 40 42 46 47 47 49 
0 1 1 8 11 15 18 23 25 29 33 33 34 38 40 43 45 45 
4 8 9 12 19 20 28 28 29 29 38 38 39 46 48 51 52 54 
0 1 1 5 6 6 6 9 10 10 12 14 20 20 26 27 
2 3 5 5 6 9 15 15 15 20 20 21 23 24 28 29 36 37 38 
6 9 9 16 16 18 21 27 27 29 32 37 40 43 45 45 47 49 
3 3 7 10 11 15 15 16 24 25 27 31 35 37 38 38 39 44 
1 3 7 8 8 13 15 17 23 25 25 32 35 35 36 38 41 43 45 
2 2 5 11 12 15 16 17 21 25 29 29 30 32 35 40 44 
1 6 9 11 13 17 19 23 25 26 28 28 30 32 37 
3 6 13 14 14 14 16 21 22 26 26 29 32 34 
1 3 5 5 8 14 16 18 23 25 27 29 29 29 30 33 
0 2 4 5 6 8 8 10 16 18 20 25 25 33 35 41 41 41 42 
1 2 10 12 13 15 18 24 28 34 38 40 48 49 50 53 55 56 
1 4 6 8 15 15 15 19 19 29 29 29 29 29 34 39 
2 8 9 10 14 20 23 27 30 35 37 44 45 50 51 54 57 58 59 
3 4 5 5 8 11 13 14 15 19 23 23 27 32 35 37 
9 10 11 15 16 17 24 25 29 34 38 39 42 44 48 48 50 54 55 
3 4 10 10 13 14 19 19 21 22 23 23 28 32 32 33 33 34 
1 2 5 7 7 11 12 13 13 14 19 20 24 26 33 34 35 41 43 
0 8 8 15 15 16 20 22 22 26 29 32 32 36 36 38 39 40 
7 10 11 12 15 16 17 19 20 20 21 21 27 28 31 37 40 41 
0 0 3 5 9 12 12 16 20 21 27 28 33 35 35 35 39 39 
8 8 9 14 18 21 24 26 28 34 37 41 42 44 45 52 54 57 60 
4 4 4 5 9 11 16 19 21 23 25 26 29 35 35 37 
1 2 4 4 5 11 13 14 19 21 26 27 33 33 40 40 43 
10 10 13 19 21 21 27 31 35 39 44 47 53 55 56 59 
1 7 8 12 15 17 20 21 22 31 31 34 39 41 46 47 48 49 
6 6 6 7 7 12 14 16 22 23 23 23 32 33 35 35 40 
7 9 10 12 15 19 19 21 25 27 29 29 31 36 
0 4 7 7 8 8 10 13 15 16 16 22 25 28 34 38 43 43 
8 9 9 18 19 26 29 33 38 40 45 45 47 48 48 51 53 
0 2 2 7 8 11 12 14 20 21 23 28 32 38 38 45 47 
1 5 8 10 13 15 20 22 24 30 30 32 38 38 42 46 47 47 49 
0 3 3 7 8 12 15 17 20 21 23 25 33 34 34 40 44 50 
7 9 11 12 15 15 20 25 27 28 30 34 37 40 43 48 
4 8 13 14 20 21 22 22 25 31 34 34 35 35 36 43 43 44 
4 4 4 13 14 14 16 19 23 24 28 31 35 38 40 43 48 
2 6 10 11 15 21 22 25 29 29 31 33 39 40 41 41 47 51 54 
0 1 4 7 9 9 14 19 19 20 21 29 30 32 33 33 35 37 37 
0 1 3 4 8 10 10 11 16 16 26 26 33 33 36 39 44 45 
1 6 8 12 16 20 21 24 27 27 33 33 36 41 41 44 
0 1 3 6 13 14 20 21 25 26 30 32 38 39 40 40 46 49 
3 7 7 7 8 8 10 15 17 18 19 19 21 21 22 23 23 29 
0 9 10 13 18 18 24 26 27 31 32 33 36 36 36 40 44 44 47 
1 3 4 4 9 10 13 17 17 25 26 30 31 37 37 37 40 42 46 
3 6 7 11 14 15 17 18 22 25 29 31 34 39 40 45 47 48 50 
0 1 3 7 9 9 10 12 14 18 20 25 28 33 33 34 35 
5 9 12 12 12 15 19 20 20 24 24 27 28 30 38 40 40 
6 8 8 10 15 18 22 22 25 25 25 28 31 31 
0 0 0 3 7 8 10 13 17 18 19 22 23 27 32 36 37 40 
1 3 4 8 12 12 18 21 24 26 26 28 30 32 37 39 39 
6 9 11 13 15 15 15 20 25 26 27 28 28 29 31 34 
9 10 11 12 17 22 22 23 30 33 35 35 39 41 44 51 54 60 
7 8 15 16 19 26 27 33 36 39 40 43 44 46 47 47 47 48 49 
8 8 8 8 9 15 18 19 19 20 23 28 28 29 32 
0 0 1 2 7 7 8 14 18 21 21 23 24 26 
3 3 4 7 14 15 15 16 21 23 25 25 26 28 32 32 37 39 44 
5 6 8 14 16 21 23 23 27 28 33 36 38 39 41 42 48 52 
1 10 11 19 20 21 26 28 34 35 38 38 40 42 42 43 43 
3 5 10 10 15 17 17 27 27 31 32 35 41 42 42 43 45 48 50 
0 5 6 6 9 10 11 14 15 17 20 20 21 22 22 24 24 32 
1 1 2 7 9 12 13 18 18 20 20 27 28 33 
6 6 9 11 14 18 21 24 27 30 30 31 34 40 40 40 42 44 
0 1 4 10 10 13 16 21 21 29 31 39 40 44 45 49 54 55 56 
3 4 5 10 13 18 20 20 28 30 34 39 40 41 43 47 47 
0 8 10 13 15 21 21 21 26 28 28 30 34 38 41 47 47 49 49 
1 2 3 5 10 10 12 14 15 17 20 25 29 29 38 39 43 44 
5 10 13 14 17 19 20 26 26 27 33 36 36 37 37 39 
0 3 4 5 7 10 12 13 18 20 25 30 30 31 31 36 39 39 43 
2 2 3 11 12 14 21 21 22 27 30 31 34 35 38 40 44 44 
2 3 6 10 11 11 13 16 18 21 24 31 33 39 39 41 41 41 42 
6 8 11 14 14 17 23 27 27 27 33 34 38 39 39 42 43 49 51 
2 3 10 11 16 20 22 24 28 30 31 32 32 36 38 44 45 46 49 
5 6 11 12 15 17 18 20 20 23 28 30 38 39 39 39 43 48 49 
2 6 6 6 10 16 16 18 18 22 26 27 28 32 33 34 40 41 47 
2 5 8 12 17 22 22 26 26 32 34 35 38 39 
3 3 8 10 10 13 17 19 19 19 24 28 32 32 35 37 39 41 41 
2 3 6 8 9 9 9 13 13 13 14 21 22 26 31 32 39 39 46 
6 7 8 8 10 12 16 17 23 25 25 25 33 35 39 
1 6 6 8 14 15 21 22 27 29 31 34 34 35 39 42 46 
1 2 5 9 15 15 16 17 19 23 24 31 33 37 38 39 41 43 
2 3 6 6 8 13 14 15 15 15 19 20 24 25 26 29 32 32 
1 5 8 8 11 12 12 14 15 16 18 18 18 21 21 
1 2 10 10 12 15 18 19 19 24 24 30 31 32 36 40 41 44 46 
0 3 7 12 13 20 21 21 25 25 25 25 27 31 35 35 
1 2 6 8 10 10 14 17 17 17 20 21 23 25 29 32 38 
6 9 14 14 15 16 23 25 25 26 28 35 35 39 43 49 49 57 
2 8 10 15 17 18 23 25 32 32 33 36 42 44 45 45 47 
3 4 7 11 12 13 13 16 22 23 28 30 31 32 33 34 41 
1 5 9 10 18 18 20 27 30 30 32 32 34 39 39 40 49 49 
2 2 7 9 11 11 18 19 20 24 26 28 30 33 35 35 37 41 44 
0 5 5 10 12 13 13 17 18 20 21 22 23 24 28 29 32 33 35 
1 1 9 10 11 11 12 14 18 21 25 29 29 33 35 36 38 41 41 
6 8 15 17 20 22 26 27 32 33 36 41 45 45 47 47 47 51 55 
7 10 13 15 16 16 22 24 26 27 29 29 35 36 40 40 41 43 43 
1 4 9 11 11 11 12 15 17 23 23 24 27 33 33 37 
6 6 10 10 11 20 21 28 28 33 37 39 40 43 44 44 
2 3 6 12 13 16 17 24 25 30 31 35 39 42 49 50 51 53 
4 5 10 14 16 18 20 21 28 29 30 32 36 37 39 40 44 
7 8 9 11 12 20 21 23 30 30 31 33 35 36 40 40 41 44 50 
5 7 8 11 11 15 21 24 25 32 34 34 35 36 38 41 42 45 
1 8 10 10 15 16 18 18 20 20 26 27 28 34 36 37 
0 0 0 7 8 10 15 15 18 19 24 29 29 31 31 32 
5 9 11 12 17 21 25 27 33 35 36 36 41 45 48 50 51 
1 3 6 7 7 7 7 7 12 17 19 26 27 33 36 37 40 
3 3 6 8 9 9 12 14 17 20 26 28 29 35 36 38 38 
0 6 7 7 11 12 16 19 21 26 28 29 29 35 36 45 46 52 
8 9 11 17 17 19 21 25 27 28 32 34 35 37 44 
3 8 8 8 10 10 16 17 18 22 23 24 28 29 31 34 38 
9 10 12 14 19 23 24 26 27 27 32 35 37 39 40 47 
0 0 5 6 9 12 12 14 15 15 19 22 25 27 35 37 38 38 39 
0 2 3 7 12 12 16 21 22 25 29 31 34 37 41 41 47 
6 7 11 11 12 16 21 22 30 30 33 38 41 42 50 50 50 51 59 
8 8 9 11 18 18 19 19 23 25 29 30 35 35 41 44 45 
3 3 6 6 12 15 20 21 22 31 31 32 33 35 38 39 39 48 48 
0 3 9 11 16 19 23 24 24 26 26 28 30 32 35 38 40 42 43 
0 4 8 11 13 13 14 21 21 25 28 30 33 38 40 42 
1 1 8 8 9 13 14 20 21 24 27 28 32 32 37 37 40 43 45 
4 6 12 13 18 18 21 25 27 31 33 35 39 41 41 43 43 49 50 
1 2 10 12 14 16 16 17 25 25 34 34 37 37 42 42 50 51 55 
1 2 7 10 11 14 14 15 19 23 28 30 30 30 34 40 43 48 49 
1 1 4 8 11 13 14 17 23 26 27 28 32 35 42 43 47 48 54 
8 8 9 15 15 16 19 20 23 26 27 29 29 32 34 37 
0 2 5 7 11 11 12 14 14 15 15 24 25 33 34 35 39 42 
0 1 3 5 11 12 19 21 22 24 29 30 30 32 32 36 42 44 46 
1 3 7 9 15 16 16 21 25 26 29 30 36 39 39 47 48 48 48 
3 5 5 5 11 13 16 20 20 27 29 35 35 37 39 41 41 
4 4 9 11 13 13 19 20 21 21 22 24 26 29 32 33 35 
7 8 9 10 11 13 15 16 18 19 21 23 26 30 30 32 
4 5 7 11 11 13 13 14 22 24 24 30 32 36 36 
0 3 7 8 14 16 22 23 29 31 33 33 33 37 38 44 46 
0 4 6 6 14 16 19 21 21 24 25 25 30 31 39 
7 10 10 12 17 18 21 22 24 24 30 31 31 32 38 41 
7 7 8 12 13 19 22 24 28 30 30 33 34 35 37 45 45 47 
1 1 1 2 2 4 4 5 7 8 8 8 12 13 13 
0 2 5 6 7 7 13 17 21 21 22 28 29 30 33 37 37 
7 10 13 15 21 22 25 25 32 33 33 40 41 44 44 49 53 53 
1 9 9 10 11 14 15 18 20 21 21 25 25 27 30 33 36 
5 5 5 5 5 12 13 14 19 19 21 26 27 30 33 36 40 
1 8 9 18 18 22 24 26 27 30 31 34 35 36 40 41 44 45 46 
0 1 3 7 7 10 13 18 20 20 22 25 28 31 33 41 41 44 
0 7 9 13 16 18 24 25 27 27 28 28 29 37 39 
0 3 4 5 5 9 14 16 19 25 25 25 33 34 35 38 41 46 46 
2 3 3 5 13 15 18 25 25 27 31 34 39 42 44 47 50 
1 5 6 7 8 12 12 18 18 19 20 24 25 26 29 30 35 39 
0 0 0 1 3 8 13 14 16 16 19 23 23 24 25 25 
1 2 4 4 11 14 19 22 26 27 32 35 38 42 46 50 50 56 
4 8 12 13 16 19 19 20 22 24 26 26 29 29 31 35 
3 9 11 12 16 22 24 27 29 29 33 37 37 46 47 50 
3 9 9 13 16 17 17 17 19 25 26 30 31 35 38 40 46 48 52 
4 6 7 8 9 13 14 16 21 22 23 32 32 34 39 42 43 45 52 
3 7 8 14 17 18 22 27 29 31 34 41 42 44 45 49 50 53 
4 9 9 15 16 16 19 24 24 32 33 39 42 47 51 55 58 61 
4 7 7 10 13 17 17 23 23 25 27 33 36 38 39 39 39 
4 9 10 15 17 24 24 25 26 26 29 35 39 40 44 45 
10 10 17 17 21 24 27 31 36 36 41 41 45 45 45 47 48 53 54 
7 9 15 19 19 20 20 23 25 27 34 37 38 43 45 45 
2 5 6 7 8 10 16 17 17 21 24 24 29 32 39 40 44 
5 5 8 10 10 11 11 14 16 20 24 30 31 36 37 38 40 41 42 
4 4 4 6 6 10 13 18 23 24 24 28 29 31 36 39 
6 9 10 11 11 14 14 14 15 19 21 21 27 28 33 34 34 35 
4 7 8 12 14 14 16 18 19 19 22 26 29 29 30 32 32 38 
3 3 8 9 10 11 12 17 22 26 32 36 37 42 43 45 45 48 
0 7 10 10 16 20 23 24 31 32 34 35 36 38 38 42 46 50 
0 4 8 12 13 18 19 19 22 22 24 24 26 32 34 35 37 
3 7 12 13 15 21 25 28 32 36 37 43 44 47 49 53 53 59 
2 10 11 12 17 17 20 22 23 24 27 34 37 40 41 46 48 
1 5 8 12 12 12 12 14 14 15 21 24 25 34 34 37 42 43 
1 8 11 12 12 19 19 20 20 21 29 30 30 34 34 37 
5 8 9 12 13 16 23 24 27 28 31 36 37 38 39 41 44 
1 7 11 13 14 19 21 24 27 28 28 29 37 38 39 42 
1 4 6 10 11 12 12 19 21 25 26 28 33 35 35 38 39 39 44 
1 6 6 12 13 15 17 20 21 22 23 28 31 35 38 38 40 41 
4 4 5 6 7 8 14 14 16 23 25 27 29 31 33 39 41 47 
3 7 10 10 12 12 14 20 20 23 25 28 30 33 36 40 42 
2 4 9 12 13 21 23 24 31 31 37 37 38 40 40 
1 2 8 11 12 13 13 14 16 16 17 22 22 30 31 34 37 42 
4 5 6 7 8 8 12 13 13 16 18 23 26 29 32 34 34 
7 10 14 15 21 22 23 23 25 28 31 34 36 39 44 48 50 
2 2 2 4 8 9 15 16 18 25 25 32 32 32 36 39 41 42 
0 3 4 8 12 12 15 15 15 18 22 25 26 33 34 35 
2 4 6 6 14 16 22 23 24 24 24 29 30 35 38 43 
6 6 8 10 13 14 15 16 18 20 21 21 27 31 32 36 39 43 44 
0 2 7 12 15 17 24 25 26 32 34 35 37 44 47 48 49 
2 2 10 10 14 17 18 18 22 28 32 34 35 41 42 43 47 47 50 
2 4 10 11 12 13 20 21 25 27 30 34 37 38 43 43 43 50 
0 2 3 8 8 14 15 18 18 22 25 28 30 33 38 41 42 49 
3 3 4 10 10 16 18 18 19 19 21 22 23 24 24 29 33 34 
0 7 8 14 17 20 23 23 24 24 24 26 27 28 34 35 36 
4 10 13 16 19 24 26 27 27 28 28 33 34 34 38 38 41 41 
0 1 5 9 12 14 19 19 21 25 28 28 33 36 38 43 44 44 
4 8 10 15 16 21 21 26 26 29 32 36 40 43 48 50 56 57 
3 7 8 8 9 11 14 18 19 22 28 29 29 31 35 
2 5 9 11 17 18 19 19 23 27 31 33 37 39 43 45 45 53 
9 10 14 18 19 19 26 27 29 30 36 37 38 44 46 49 51 51 
0 2 6 9 15 16 22 23 25 26 31 33 34 34 38 39 40 42 
7 8 11 14 19 19 19 25 26 28 29 37 37 40 46 46 48 
1 9 9 15 18 23 23 23 24 26 28 29 35 39 41 47 48 50 51 
0 1 5 8 10 10 10 12 13 20 23 28 28 30 32 34 35 
1 2 2 5 8 10 12 15 16 19 19 20 21 29 30 30 
1 4 4 9 10 13 15 19 25 25 29 32 33 39 41 45 47 47 
7 8 10 12 17 19 20 23 25 26 30 31 34 40 41 
3 3 5 5 12 12 14 16 21 23 28 31 35 39 39 40 41 
0 3 4 11 13 13 14 17 17 18 22 24 25 26 27 28 33 34 37 
1 4 5 7 10 12 13 19 20 24 27 27 29 30 32 34 
0 5 8 10 11 14 16 17 20 21 22 27 27 27 32 33 34 38 39 
0 1 2 6 7 10 11 17 17 18 19 21 25 29 31 34 34 35 
3 8 9 16 16 18 21 23 25 27 32 33 34 35 40 40 43 46 
0 0 1 6 8 10 18 20 20 20 29 30 34 35 37 39 43 
0 1 8 9 9 10 15 15 17 19 24 25 31 32 33 36 36 41 
0 2 5 5 7 8 12 17 17 21 22 22 22 27 29 30 
3 4 9 13 19 20 20 20 24 25 29 30 32 36 37 39 45 46 
1 6 8 12 12 16 17 23 24 25 25 30 31 34 
2 2 5 8 9 15 17 17 19 25 26 29 30 30 32 36 38 38 
5 10 10 11 11 15 18 21 22 26 29 35 35 35 37 41 45 50 
0 7 7 14 16 22 24 26 27 33 36 36 41 43 46 46 49 51 53 
3 5 6 10 12 19 22 27 27 28 28 31 31 37 38 41 41 42 49 
3 8 11 12 20 21 22 28 28 28 28 31 38 39 42 46 47 48 55 
4 4 10 11 12 16 18 19 20 25 27 31 34 40 42 43 
3 3 8 9 9 13 13 16 19 23 28 28 29 29 29 34 36 38 42 
10 10 15 18 19 21 21 21 28 28 29 30 35 36 43 45 
1 3 6 7 8 12 12 17 19 20 20 21 22 23 23 30 30 36 37 
0 7 8 12 14 21 21 22 26 29 31 32 37 38 43 44 51 51 
5 6 7 7 9 13 16 17 23 24 33 33 34 38 39 41 43 44 
4 7 8 8 12 17 19 20 25 28 29 36 38 41 42 49 49 
0 4 5 11 13 16 21 25 26 27 27 28 30 37 40 44 44 47 48 
2 7 7 10 10 18 20 20 21 22 22 27 31 32 32 36 37 39 42 
1 5 10 11 13 17 18 20 20 21 29 29 33 35 35 36 42 43 43 
4 5 10 10 14 18 21 26 26 31 33 34 39 41 41 44 48 49 
7 10 14 16 19 24 29 32 32 35 37 40 41 42 46 46 50 
1 8 8 9 11 15 18 21 23 27 29 31 34 36 42 43 
0 0 3 7 8 13 16 19 24 25 25 26 33 33 34 42 
6 6 7 11 14 18 19 24 24 31 33 37 40 42 47 50 51 55 56 
0 1 1 6 8 12 12 13 14 16 22 23 23 25 33 34 35 38 
2 6 7 8 16 16 17 19 26 26 30 36 37 38 39 40 44 
5 5 11 12 16 18 20 21 28 31 38 40 42 44 44 45 47 49 52 
4 5 9 9 10 15 19 20 24 25 32 32 34 35 
0 2 6 8 8 11 16 16 18 25 26 29 31 34 36 37 43 
8 10 14 15 18 21 23 23 26 31 32 36 40 42 47 49 50 53 54 
7 8 14 16 18 25 27 28 32 33 36 42 43 44 51 52 53 54 
1 4 8 9 10 15 17 17 20 21 23 25 30 31 31 40 40 44 
3 5 7 11 13 14 14 15 19 22 23 24 31 31 33 33 37 
8 10 14 16 17 23 27 29 30 35 38 39 43 48 51 52 57 58 66 
3 8 10 15 16 23 26 31 32 33 36 39 43 43 44 44 49 
0 2 8 8 9 10 15 16 20 23 23 30 30 32 33 35 42 
7 9 10 11 15 17 17 18 21 21 25 29 32 37 37 38 42 47 48 
5 8 9 13 15 16 18 20 24 28 30 35 38 45 45 52 
2 7 9 10 11 11 11 13 17 21 21 25 30 32 35 
9 10 16 19 19 28 28 30 33 33 38 39 42 43 43 43 
1 2 9 10 15 16 21 26 26 27 27 28 31 38 38 38 46 
1 8 8 9 10 17 20 20 27 30 30 32 32 38 38 44 45 50 
1 3 8 13 18 22 24 29 34 34 38 42 46 48 50 56 57 61 
0 3 5 6 11 15 17 19 20 20 25 27 28 28 29 29 35 
1 4 9 10 17 20 20 23 30 31 38 38 44 47 48 48 55 
0 8 10 11 11 12 20 22 26 28 33 35 43 43 47 52 54 61 64 
0 2 5 7 8 8 9 11 11 13 13 14 15 18 19 20 26 29 34 
0 2 4 7 8 9 10 10 12 13 13 19 21 23 24 30 31 31 35 
7 8 9 15 15 22 22 22 30 32 33 33 35 35 38 38 42 42 43 
5 6 11 14 19 19 22 24 25 27 27 27 30 34 38 44 47 
3 8 11 18 21 24 28 29 29 29 31 32 33 39 41 43 49 
3 5 8 11 13 13 13 14 18 21 21 28 31 33 36 39 44 
4 9 14 16 17 22 22 29 29 29 36 36 44 45 48 50 53 58 59 
6 7 15 16 20 23 24 26 28 30 37 37 37 39 47 49 49 50 
0 2 4 5 8 9 10 12 18 19 21 21 
2 7 10 16 16 19 20 27 30 32 37 38 41 44 51 51 54 58 
4 5 6 7 11 11 14 19 22 23 25 25 28 32 33 35 36 38 
0 1 2 6 6 6 8 10 11 14 19 23 28 29 30 31 33 33 38 
4 5 7 11 11 14 18 20 21 23 24 27 31 33 34 36 37 39 40 
5 6 10 11 13 15 18 23 24 26 27 35 35 40 44 45 47 
2 8 9 17 18 26 28 28 31 36 39 40 41 48 50 57 57 58 61 
0 4 6 8 11 15 16 18 22 22 26 32 34 39 43 45 46 51 
1 3 6 12 12 13 15 19 20 22 23 27 28 29 31 33 39 40 
2 4 6 7 10 14 14 20 21 25 26 32 33 39 39 
7 8 11 11 13 13 17 17 18 21 22 26 30 30 33 33 36 
1 7 8 12 15 16 16 21 23 30 33 34 35 40 42 46 
2 5 6 6 8 8 13 17 20 23 30 31 31 32 33 33 34 
0 1 6 10 10 10 10 15 18 21 21 24 27 
4 10 11 18 20 20 20 21 27 29 30 31 38 38 42 42 
6 8 9 14 15 16 21 22 24 27 29 34 35 36 37 40 41 41 48 
1 2 5 6 8 9 10 11 16 21 21 24 24 25 26 28 
1 3 10 10 17 17 19 23 26 29 30 35 37 44 
1 5 10 14 14 19 21 23 24 27 31 31 38 38 38 38 39 46 
1 9 11 15 15 16 17 20 23 24 26 28 33 34 40 
8 9 10 10 13 19 20 23 23 25 26 30 33 36 39 39 
3 7 11 14 15 15 21 23 24 26 29 30 34 35 39 43 45 46 51 
0 0 4 4 6 6 13 14 17 19 24 25 25 26 28 33 38 40 44 
5 6 8 8 9 9 10 17 20 23 29 31 34 41 42 
5 5 5 6 6 9 12 13 15 16 16 16 20 21 21 25 31 
4 5 9 10 10 13 15 19 23 28 29 31 35 37 39 44 
1 3 8 9 12 19 20 21 22 28 30 30 37 39 40 
2 6 9 10 11 13 15 16 16 17 22 24 24 26 32 32 41 42 
0 7 8 12 12 17 18 18 19 20 23 24 25 30 34 36 39 42 46 
7 7 10 10 14 20 21 22 24 26 28 36 37 41 43 46 47 50 54 
2 5 7 10 11 15 17 22 25 26 28 30 34 35 37 39 41 48 48 
7 10 15 16 23 23 24 25 33 33 36 40 43 48 51 51 57 61 
1 3 11 12 12 13 17 19 23 27 27 34 36 37 40 42 44 
2 7 8 15 17 17 25 26 31 31 37 38 43 43 46 
4 5 7 12 17 18 23 25 27 29 30 36 36 36 40 44 
4 6 10 12 14 16 17 17 20 23 23 33 33 36 38 39 44 49 
1 3 5 6 10 11 15 16 23 25 26 31 35 37 37 43 43 44 51 
0 2 5 10 12 14 17 21 22 23 25 29 31 31 34 38 
1 2 8 12 14 18 22 24 25 27 32 34 35 39 39 43 
3 6 7 13 17 21 21 22 30 30 32 38 38 38 45 46 50 53 
1 1 10 11 11 16 17 21 25 25 32 33 34 35 43 45 
0 6 8 9 17 17 18 22 26 27 33 36 39 40 40 42 42 51 
2 6 9 12 12 15 16 22 23 28 29 33 33 33 34 38 41 
1 7 7 9 11 11 13 14 15 18 20 25 30 33 
4 9 13 14 17 19 20 22 29 29 30 34 37 42 46 47 49 52 54 
5 6 9 12 12 15 17 18 18 23 25 26 27 29 34 37 
0 3 7 12 15 16 21 21 22 23 28 33 38 42 44 45 53 
3 3 5 8 8 11 12 13 18 20 23 24 28 29 32 34 38 40 
4 6 9 11 19 19 20 20 23 23 28 30 34 39 39 46 47 48 
5 8 11 11 15 18 22 28 31 38 39 43 45 46 49 52 55 57 64 
0 2 7 8 8 10 10 12 15 18 20 22 25 27 30 31 
6 8 14 15 15 22 25 26 26 26 32 36 37 41 46 47 51 55 
8 9 9 10 14 14 16 23 23 26 26 31 34 35 36 41 44 44 45 
1 3 3 7 9 11 11 11 15 16 21 22 24 29 33 38 42 43 44 
9 10 13 15 15 18 19 24 26 30 30 32 34 36 38 38 42 44 50 
7 9 11 12 13 18 19 25 29 33 36 36 46 46 48 51 52 55 55 
2 3 6 12 15 16 18 19 25 27 34 37 38 39 42 44 45 50 
4 6 10 13 17 20 22 28 29 37 38 41 43 43 43 44 49 50 51 
1 3 7 11 11 12 18 20 26 27 29 30 32 39 41 46 50 50 
9 9 9 12 15 17 18 21 21 23 25 26 31 32 34 40 41 45 
3 7 9 12 13 20 21 23 25 25 26 28 35 35 37 44 45 48 
6 10 14 14 15 23 24 25 27 33 37 37 38 43 44 51 53 55 55 
4 4 11 13 19 20 24 30 31 39 40 43 44 44 47 47 
2 8 8 17 17 18 18 20 22 22 27 30 32 34 36 38 
0 3 4 8 14 14 16 17 23 26 26 27 31 32 33 35 38 39 46 
2 2 9 11 11 14 17 19 21 21 26 31 33 36 42 46 51 51 
4 6 6 9 10 13 13 13 13 14 17 21 21 21 
3 3 7 13 16 18 20 23 27 29 31 36 39 44 44 45 50 53 
7 8 8 10 14 14 15 21 21 26 27 28 28 32 32 34 36 42 
8 9 12 17 18 18 21 22 24 25 26 26 29 31 34 
3 8 9 12 15 17 24 25 25 27 32 34 38 39 40 42 43 
2 7 8 10 14 16 18 19 24 25 29 32 33 34 41 43 45 48 48 
5 5 7 9 16 17 19 20 26 29 31 33 38 39 41 42 45 48 
3 7 10 14 18 19 21 22 24 30 33 37 39 43 45 46 50 51 
7 8 11 13 13 14 17 22 23 23 24 28 30 32 34 35 38 42 42 
0 1 2 6 7 10 10 12 12 16 16 19 21 22 24 25 32 34 
1 1 6 9 13 16 18 20 22 23 25 25 25 31 32 34 34 34 35 
2 7 11 13 21 21 27 27 28 31 34 35 35 36 40 46 50 54 59 
2 6 8 8 9 10 15 19 21 21 22 23 27 27 30 31 37 37 37 
2 3 7 10 11 11 13 17 19 21 22 29 31 32 33 34 36 38 
3 7 9 9 17 17 21 21 21 25 25 25 30 31 32 32 33 
2 8 11 11 11 13 16 21 23 24 28 30 31 34 36 38 
2 3 6 9 13 14 15 15 23 23 26 29 35 39 44 45 46 
7 8 12 14 17 17 17 18 19 26 27 29 29 29 33 
2 5 5 7 12 14 17 19 25 25 26 35 36 40 41 44 47 51 51 
1 4 9 10 12 18 21 22 23 23 24 29 32 37 42 46 46 
1 4 8 8 13 13 14 15 18 21 24 24 28 29 29 29 35 38 38 
7 9 9 16 16 18 25 25 30 34 35 38 40 46 49 53 55 56 
0 2 4 5 6 11 14 18 21 22 28 32 36 39 41 44 45 51 52 
0 5 8 9 13 15 18 23 27 31 33 39 41 43 46 50 53 56 57 
3 8 12 15 20 21 27 28 28 34 34 43 44 45 45 46 48 
9 10 15 15 16 21 22 25 27 28 28 32 32 34 36 38 42 
2 5 8 9 10 12 12 13 20 20 23 27 29 33 36 42 43 46 
3 8 8 11 14 14 19 20 21 23 25 29 31 33 34 36 41 
5 8 15 16 19 20 20 23 23 28 29 29 29 33 35 39 40 
2 3 8 11 13 16 16 18 22 26 27 32 33 39 39 43 45 
6 6 6 13 13 18 21 22 27 28 29 33 35 35 36 38 43 
2 3 4 7 11 11 11 15 16 18 20 23 23 25 28 29 32 
0 4 4 8 10 11 18 19 25 27 33 35 35 40 41 41 43 
5 7 9 9 12 17 20 24 30 30 33 33 34 35 40 40 46 48 
7 9 9 15 15 18 19 28 28 30 38 39 40 42 48 52 
3 7 7 10 14 18 19 26 28 34 36 40 40 41 42 48 
4 5 6 9 13 15 17 17 19 19 23 26 28 29 
2 2 2 6 8 10 16 18 23 26 32 32 33 33 36 39 40 43 46 
0 9 10 15 15 18 20 20 22 25 26 31 31 32 38 38 42 46 
0 3 8 11 12 14 19 20 21 21 22 23 27 27 27 30 30 31 36 
2 3 4 4 9 14 17 19 26 29 29 34 39 44 49 54 54 
7 10 15 16 20 20 21 21 26 26 30 31 38 39 39 44 46 
1 3 4 10 10 11 17 18 18 19 20 25 29 32 37 38 
0 8 10 12 18 22 27 30 32 32 33 37 37 39 41 45 50 53 59 
1 2 3 4 7 12 15 18 24 24 24 25 33 34 39 39 
4 7 7 12 16 19 20 25 25 26 27 29 34 36 42 44 49 
0 1 3 4 5 9 11 12 19 21 21 21 28 31 36 40 42 
0 0 1 3 5 6 6 10 14 15 22 24 29 29 33 35 38 40 40 
0 3 4 5 6 7 7 10 10 19 20 27 28 29 34 37 43 44 
5 7 11 15 19 22 23 26 30 33 34 38 40 43 43 44 45 47 53 
5 7 9 11 12 16 18 20 21 22 22 27 30 31 34 38 40 
2 5 11 13 17 19 20 23 27 30 30 33 38 40 40 42 44 
0 9 10 11 16 18 21 28 31 32 32 41 42 44 48 53 55 55 
3 6 7 7 12 16 18 19 24 24 25 28 30 34 36 44 44 44 48 
1 2 8 10 10 16 20 26 27 28 33 37 41 43 44 45 48 
9 10 10 10 12 16 17 21 22 22 23 30 31 31 35 39 39 44 
9 10 10 10 17 18 19 20 22 23 25 29 32 32 38 39 39 42 
1 5 6 14 15 17 19 19 21 23 25 29 33 35 38 41 48 48 
4 7 11 14 15 19 20 22 23 24 26 30 32 39 40 40 41 42 
1 10 10 11 12 17 18 18 25 26 34 34 35 36 36 41 42 
5 10 12 13 13 13 13 15 17 17 20 21 21 25 27 27 30 
0 4 7 7 7 9 10 13 15 17 23 24 27 29 35 
0 2 4 5 7 10 14 16 18 18 18 22 25 25 30 32 33 39 40 
2 4 4 9 13 14 20 23 28 29 34 37 42 44 50 50 50 54 55 
5 10 15 15 19 22 22 29 32 34 35 41 45 45 
1 8 10 14 15 19 21 23 27 28 32 37 41 46 46 47 52 53 
7 9 12 15 18 18 22 23 24 27 32 32 35 37 37 38 41 
4 6 6 10 13 17 17 22 24 26 26 27 34 36 37 
5 8 10 11 12 17 21 23 25 28 30 32 38 40 47 47 48 50 
0 3 6 10 12 15 16 25 25 33 34 34 35 38 38 41 
0 4 10 14 15 15 19 23 26 30 36 38 40 41 43 
0 2 9 10 12 17 19 19 20 26 29 32 39 39 41 41 44 50 
4 9 9 15 17 18 22 27 28 31 34 37 41 44 47 50 51 57 
1 8 9 11 15 17 23 25 26 28 33 38 43 43 45 53 54 54 55 
6 6 10 11 14 14 15 17 24 24 27 29 29 32 32 37 42 42 
9 9 15 17 22 22 27 29 32 36 39 39 40 40 44 44 47 47 51 
3 4 10 12 15 21 22 23 26 27 30 31 31 31 34 35 36 
9 9 12 12 18 18 18 24 26 27 34 37 43 46 47 53 56 
8 9 13 19 19 23 23 25 31 35 40 42 45 47 48 49 53 53 
5 7 8 16 18 22 27 28 31 32 37 38 40 40 46 46 49 55 
1 1 2 3 7 10 10 16 17 17 20 20 24 27 
6 7 9 16 17 21 26 27 30 32 36 37 39 40 43 49 49 52 53 
1 6 6 8 11 15 18 20 22 23 23 26 32 33 37 38 46 48 
4 6 10 12 14 15 17 17 20 26 27 27 30 32 35 38 45 
4 8 12 12 13 20 21 23 29 31 35 40 42 44 44 50 51 59 59 
2 5 7 8 9 16 19 19 19 26 26 28 28 32 37 42 42 43 47 
3 4 8 8 10 13 16 18 20 24 27 30 30 34 37 43 
6 7 7 9 9 11 15 20 22 27 28 36 36 37 37 39 39 46 
5 8 12 18 20 20 23 26 27 32 32 34 34 37 41 47 47 
4 8 10 10 17 18 20 22 26 28 32 33 34 39 42 45 45 45 
8 10 10 11 13 16 18 22 22 23 23 29 29 33 36 43 45 46 49 
4 9 11 11 19 20 26 29 31 32 32 35 41 42 49 52 54 56 
0 2 4 11 12 17 19 23 24 24 25 29 32 33 39 40 42 
2 6 6 8 12 17 17 17 18 25 27 34 37 41 45 47 49 50 
0 1 1 3 4 6 6 7 8 15 16 19 21 22 23 28 30 32 
1 6 8 10 16 16 18 19 21 23 26 27 28 29 31 32 35 
6 10 10 14 16 16 21 24 26 27 31 33 36 42 43 43 43 46 50 
0 1 2 3 8 9 10 10 16 16 16 17 23 24 25 31 35 
4 6 8 12 13 16 18 23 25 31 31 33 38 40 42 46 46 50 
6 6 8 10 10 11 14 14 14 16 18 18 23 24 26 30 36 36 38 
6 8 9 12 18 19 20 21 25 28 30 32 33 33 41 42 42 49 50 
0 1 2 5 7 7 14 17 20 22 27 30 30 32 34 40 
3 9 10 16 18 19 19 20 20 26 27 27 33 34 36 39 
6 7 11 14 17 19 20 26 29 32 35 39 42 49 49 50 52 53 59 
0 2 9 10 12 14 20 21 22 23 23 28 31 35 36 36 
10 10 11 18 19 20 20 20 21 26 28 35 35 36 38 40 43 44 
6 9 15 15 24 24 30 31 37 38 41 43 43 43 45 50 
4 6 12 13 14 16 16 21 22 23 23 28 29 29 31 38 38 39 46 
6 10 12 15 15 17 20 20 26 28 29 31 33 33 39 41 43 48 51 
0 1 3 5 6 9 11 15 18 20 22 25 27 29 32 36 36 
4 5 14 14 16 23 25 25 26 28 29 34 39 43 49 50 50 52 57 
0 0 10 10 10 16 20 26 27 33 37 39 40 41 41 41 
9 9 16 18 24 25 29 31 32 32 38 41 46 46 48 52 54 58 
6 7 9 12 16 16 19 24 25 32 32 35 35 38 38 45 47 48 52 
4 4 6 6 13 14 18 21 21 22 26 28 30 30 32 35 38 40 
1 2 6 10 13 15 21 23 26 28 28 32 34 38 41 46 46 
1 1 2 5 5 6 15 15 16 20 22 25 26 33 36 42 46 50 
4 7 8 16 16 25 26 33 34 39 42 49 50 50 53 53 
0 0 8 10 14 17 18 23 28 29 30 31 40 40 44 49 49 
4 8 8 9 10 11 14 18 19 22 25 28 29 32 37 38 46 47 
5 10 11 15 16 18 18 23 24 30 32 36 39 44 45 45 46 47 51 
8 9 9 14 14 17 21 21 21 27 28 29 31 33 36 41 44 45 
2 3 3 10 10 11 15 19 20 22 22 26 27 34 35 40 40 41 46 
7 9 13 18 18 22 24 30 30 31 32 40 41 43 43 44 49 51 
9 9 12 13 14 17 21 21 21 22 25 31 31 32 34 34 34 43 
4 6 7 7 10 10 13 14 16 18 18 21 21 28 28 29 36 36 
1 3 3 6 10 10 16 17 18 20 25 26 32 33 33 38 38 39 
3 3 6 9 12 15 18 24 24 27 29 32 34 35 37 38 41 44 48 
5 5 9 13 14 17 18 18 18 20 21 21 23 30 32 37 38 
2 8 10 15 20 20 26 27 30 30 34 34 34 35 35 37 45 
0 4 4 10 10 10 13 16 16 24 25 32 34 35 40 43 45 
1 6 11 11 13 16 20 23 24 24 26 28 33 35 35 37 38 39 
1 4 6 7 8 11 12 12 15 18 19 20 27 29 30 30 36 
9 10 16 19 20 23 28 30 32 38 41 46 46 47 48 49 49 52 
4 4 7 8 8 12 12 13 16 19 19 20 28 29 30 36 37 
0 2 5 6 7 9 9 15 16 20 25 26 31 33 38 40 42 47 
3 4 8 9 9 11 19 20 22 22 23 23 23 23 31 33 40 
6 6 7 10 16 20 24 25 30 31 34 37 44 46 47 51 54 56 56 
2 8 10 13 15 18 23 24 32 33 39 42 42 47 49 50 50 51 
2 4 9 11 11 17 19 21 22 22 23 23 27 30 30 36 39 
1 4 7 8 9 12 12 14 20 22 28 30 30 34 36 40 42 
6 9 10 13 14 17 21 26 27 31 36 37 40 41 42 43 49 50 
7 9 12 17 18 18 21 24 30 32 35 36 38 39 39 41 42 42 
6 8 9 13 16 22 24 28 31 32 38 38 39 39 47 48 48 
1 3 9 11 16 19 24 26 27 29 29 30 34 35 37 40 40 43 
6 7 9 9 11 13 19 20 21 23 28 29 34 37 37 42 42 
2 3 8 10 13 17 18 18 22 28 28 34 35 43 44 50 50 
1 1 5 9 10 14 14 15 16 17 26 26 29 29 35 35 39 
5 8 13 14 20 23 27 27 29 29 30 36 39 40 41 
6 7 9 14 16 19 22 23 24 30 30 31 34 39 43 48 50 51 54 
2 9 9 13 14 14 16 17 19 21 27 28 29 34 35 39 43 
7 10 10 11 11 14 15 15 17 19 20 20 25 
7 7 9 11 11 14 14 18 22 23 27 33 37 41 42 42 42 50 50 
3 6 8 9 11 14 16 17 20 21 24 24 25 31 33 33 34 35 40 
9 10 12 13 17 18 19 22 29 32 32 37 37 40 41 45 
0 2 2 6 7 9 13 13 17 20 23 28 29 37 38 38 
6 8 8 11 14 20 21 23 23 27 29 31 34 35 35 35 43 43 45 
3 5 7 7 10 11 16 16 19 20 20 20 23 26 28 29 30 30 30 
3 6 9 11 14 17 19 27 29 30 34 37 41 43 44 46 50 
0 10 10 13 19 23 24 26 28 31 34 35 39 41 42 44 
2 7 7 7 12 14 16 22 23 25 31 32 32 36 39 41 42 43 
2 5 6 7 12 13 16 17 20 20 21 25 29 33 34 37 44 
2 2 4 5 6 8 14 15 18 20 27 27 30 31 31 36 37 38 38 
4 4 7 10 10 11 12 14 15 16 22 23 26 27 30 31 31 31 31 
1 4 7 8 14 17 23 27 28 33 38 40 42 44 45 47 48 51 
9 10 15 16 19 21 25 27 32 33 35 40 40 44 45 46 48 
8 10 18 19 21 23 27 32 33 33 35 37 37 38 40 44 49 53 53 
2 6 8 8 9 12 13 16 16 17 19 20 22 23 28 30 30 
5 9 11 16 17 19 22 22 29 29 33 38 40 42 48 48 50 
0 2 4 6 7 14 16 18 20 20 23 27 27 31 31 31 37 41 
8 9 12 18 19 26 26 30 32 36 42 43 46 47 53 55 61 62 
6 7 9 10 10 12 12 16 18 19 21 23 23 26 30 32 33 33 
7 9 17 18 21 25 28 30 37 39 46 46 46 49 51 55 58 
3 9 11 11 12 18 22 24 26 27 34 34 36 39 39 43 44 45 46 
1 3 3 8 11 15 17 18 18 19 26 29 31 31 32 35 38 39 
2 7 8 11 13 16 17 18 24 26 30 30 32 33 36 39 
2 5 5 11 15 17 22 25 31 35 36 38 41 48 50 51 56 56 
2 2 5 7 9 10 11 13 15 20 22 25 26 30 32 36 36 46 
3 7 9 9 10 11 14 16 17 22 23 24 32 32 37 42 
5 8 9 11 12 13 18 18 22 25 30 35 39 42 43 46 47 48 50 
2 4 9 12 16 18 19 28 29 30 35 36 37 40 42 45 
3 4 6 6 8 8 10 11 11 14 19 20 20 24 26 30 34 
1 2 4 6 14 15 18 24 24 25 29 30 30 33 37 38 38 38 39 
3 4 5 9 12 15 17 22 24 24 27 28 30 31 35 41 42 43 
1 3 4 9 13 18 22 26 27 28 36 37 40 41 42 44 46 51 
1 6 8 10 11 11 17 21 23 26 27 29 33 34 35 37 43 44 45 
1 6 8 15 16 24 25 27 33 37 41 45 46 51 51 53 55 58 
5 10 13 14 17 19 23 24 30 30 30 32 36 40 42 48 
0 8 9 15 15 16 20 21 24 27 29 35 38 39 46 
2 6 7 7 8 8 9 16 16 16 21 25 27 34 36 38 42 
5 8 10 10 15 16 18 25 26 29 33 34 34 40 40 42 
2 7 12 13 13 19 19 21 22 25 26 33 36 37 41 41 42 42 
2 3 4 5 5 12 14 21 22 25 26 27 30 36 39 40 43 
3 4 4 7 8 13 13 16 17 17 19 23 23 24 30 31 38 40 
1 5 5 7 8 11 11 18 19 24 25 25 26 26 35 
8 10 11 15 18 18 24 24 25 26 30 34 34 43 44 47 47 52 52 
2 4 7 8 13 15 16 22 25 25 31 33 34 40 43 46 50 
2 8 11 12 17 18 21 25 26 28 32 37 38 39 42 46 46 51 
3 5 8 12 13 16 19 24 25 26 28 29 32 32 41 42 44 
0 2 7 8 9 10 14 16 16 17 19 23 23 24 28 
6 9 12 14 17 19 26 28 29 32 33 38 38 38 45 45 54 54 
0 3 6 7 9 11 11 15 15 23 24 26 32 33 34 35 35 36 
3 4 5 7 8 10 16 17 18 23 24 32 32 36 38 41 43 44 
7 8 12 13 16 16 17 19 21 23 28 31 33 40 40 42 43 
0 10 10 10 12 14 22 24 25 25 31 35 38 39 40 45 46 48 
2 10 10 16 17 23 23 23 30 30 32 39 39 48 49 50 50 50 
4 5 9 15 15 17 18 18 22 26 28 33 34 38 42 42 46 47 52 
7 8 8 15 17 17 17 22 23 23 27 31 32 41 41 50 
4 6 12 12 16 18 19 21 22 23 31 32 34 34 39 42 45 47 
0 4 8 8 12 16 18 18 18 23 27 27 28 28 
0 8 8 10 11 13 13 21 21 22 27 31 36 36 
9 10 17 17 19 24 29 31 32 35 35 38 43 47 48 49 
2 6 12 13 18 22 24 28 34 34 34 35 41 43 51 52 
2 9 10 10 11 15 19 22 25 26 28 29 31 37 38 45 46 46 47 
1 7 9 10 11 14 15 17 18 18 18 21 21 21 22 26 
0 4 6 9 9 14 17 19 22 27 29 34 35 38 43 48 53 56 57 
2 3 5 5 9 12 18 19 20 22 27 27 30 32 35 39 41 42 43 
0 4 5 9 11 15 18 21 22 23 24 27 28 30 32 
0 4 6 6 8 10 10 15 20 22 22 24 27 28 33 36 38 
1 4 4 6 10 14 14 20 22 24 31 31 32 39 41 43 46 52 
2 6 9 10 12 14 21 22 23 30 33 39 42 45 46 49 56 56 
0 1 4 6 8 10 12 16 21 25 29 30 38 39 40 43 43 44 44 
4 8 8 8 14 14 20 22 26 30 33 35 38 45 46 47 47 49 
3 8 10 11 15 20 21 24 29 29 30 39 39 43 49 52 52 56 
4 4 5 9 13 19 22 22 24 29 29 30 39 39 39 41 43 51 52 
6 10 13 14 17 19 19 23 24 25 27 29 33 34 36 37 38 39 
6 10 14 19 20 22 23 23 27 27 31 37 39 42 45 46 50 53 55 
7 10 11 13 17 21 24 25 29 31 34 36 42 42 42 50 50 57 
4 9 9 11 13 16 22 23 24 25 31 34 36 38 46 47 47 47 53 
5 6 8 12 12 15 18 21 23 26 28 31 34 35 36 38 39 47 47 
7 7 8 13 14 14 17 23 25 27 28 28 36 37 38 38 40 41 
1 2 7 11 11 12 13 17 20 21 27 28 32 35 
0 0 10 10 14 16 17 22 26 27 29 29 30 32 37 37 38 47 48 
6 7 7 12 14 18 20 24 27 32 34 37 37 39 42 45 
3 8 9 15 17 18 21 23 24 31 31 31 35 35 43 
6 7 11 12 13 19 21 23 24 32 34 35 36 44 45 47 47 
0 2 6 9 14 16 19 19 23 25 32 34 34 35 36 37 
7 8 8 10 10 19 19 19 22 26 27 29 32 37 40 43 44 
5 6 6 14 16 17 23 25 30 31 31 32 32 36 41 44 
0 6 10 12 13 15 17 17 18 24 26 30 33 37 43 43 
4 8 11 18 18 19 20 28 29 31 35 36 37 39 43 43 44 45 49 
4 9 10 15 17 21 24 27 29 33 35 37 37 43 43 45 45 
6 6 7 10 11 13 14 18 19 20 29 29 37 39 44 47 52 
4 5 14 15 17 19 20 24 25 27 29 31 31 36 39 41 41 41 44 
4 4 9 12 12 12 13 14 16 16 17 21 24 24 25 32 33 35 35 
3 4 6 8 8 9 10 12 16 19 22 22 23 24 25 28 
0 2 5 5 10 13 17 22 27 28 29 29 36 38 40 43 46 48 51 
0 5 6 7 10 13 14 17 21 22 22 26 26 28 30 33 
4 9 9 10 11 18 19 21 22 25 29 29 33 34 35 40 43 
2 10 12 12 14 15 16 19 21 25 28 31 31 32 37 38 39 42 42 
7 7 7 9 17 17 17 19 23 28 29 29 33 36 38 38 45 
5 10 10 13 14 16 19 23 24 24 25 28 31 34 34 34 38 43 
2 8 9 13 13 14 17 22 25 25 28 29 29 35 37 40 43 
0 2 2 3 8 9 12 17 17 27 27 33 35 38 38 38 42 44 44 
6 7 10 15 17 23 26 32 34 35 36 40 43 43 45 48 50 51 60 
5 8 9 10 13 15 16 16 17 20 21 22 23 25 30 33 38 39 
2 4 10 11 16 16 17 17 17 19 20 26 26 26 29 33 
4 9 12 15 18 21 28 28 30 32 32 33 35 38 38 
1 8 10 12 17 17 18 24 25 28 35 36 36 38 40 41 43 
2 3 4 12 13 17 21 23 29 29 31 36 41 42 45 47 
0 3 6 8 8 12 12 15 22 24 31 33 33 39 41 41 44 48 
3 5 5 10 14 17 21 21 22 27 28 29 29 31 31 34 35 36 
9 10 11 16 21 21 26 29 33 33 39 42 45 49 51 53 58 60 61 
2 6 6 10 13 14 18 18 21 24 26 28 29 30 33 35 37 40 
6 6 8 13 14 19 22 24 26 29 31 33 34 40 43 43 49 52 55 
3 6 7 8 8 10 13 14 16 18 18 19 24 28 29 36 37 40 
6 10 10 16 20 26 26 27 32 35 35 38 38 39 42 44 46 47 
3 10 10 11 11 13 16 16 16 20 26 27 28 34 
3 4 11 11 12 15 17 19 23 25 26 26 33 34 34 37 37 38 39 
7 10 12 20 22 22 25 29 30 30 37 39 45 45 45 54 55 60 62 
8 8 18 18 21 24 25 26 28 32 34 40 42 47 48 51 55 
10 10 13 14 15 18 21 22 25 26 31 31 33 
0 4 9 11 14 17 19 19 21 23 24 24 25 31 31 37 40 40 
5 7 15 15 17 17 20 22 26 26 32 32 34 35 40 42 43 44 
4 6 8 10 14 20 20 24 29 30 35 37 40 40 47 49 
0 2 2 5 9 14 14 14 21 22 23 28 28 32 33 37 40 46 
4 6 14 14 21 23 26 31 34 34 35 36 39 42 46 48 
3 5 5 8 11 18 20 20 26 27 33 36 42 43 47 53 57 57 62 
6 9 10 11 11 13 15 19 20 21 21 25 26 29 33 36 39 43 47 
2 2 8 9 10 17 18 19 20 23 23 26 32 33 37 
0 2 3 5 10 14 15 20 22 22 25 27 32 33 34 35 36 36 
6 8 8 9 15 17 18 18 24 28 29 34 36 37 43 44 
3 6 13 13 21 23 28 30 32 34 35 40 41 41 45 50 
0 9 10 17 19 25 28 31 33 33 35 37 38 38 45 47 54 
0 3 5 6 7 10 14 18 18 22 25 30 30 39 39 40 42 
0 2 3 7 10 15 15 15 17 23 24 25 27 29 30 33 
1 8 10 13 14 19 19 24 28 29 35 37 45 46 47 47 49 50 
5 8 11 15 17 19 19 20 25 28 31 33 34 37 39 40 44 47 
6 7 9 13 16 16 18 21 26 26 27 33 37 41 43 43 45 47 47 
1 4 9 12 16 17 18 26 26 29 31 33 34 35 
1 8 8 8 15 16 17 26 27 29 29 29 33 34 34 
2 2 10 12 17 19 21 22 25 29 30 30 33 35 38 42 42 43 43 
1 2 4 5 8 9 9 12 16 18 22 24 28 32 33 35 36 39 41 
8 10 10 13 16 17 17 22 26 26 26 35 36 37 45 45 
5 5 9 11 18 18 21 22 22 25 25 32 32 38 41 47 48 54 
8 9 10 12 12 12 19 21 23 24 25 28 31 32 33 36 38 43 44 
1 5 6 8 12 13 15 15 22 25 28 31 32 39 41 43 44 44 50 
0 5 8 8 10 11 11 15 17 19 23 23 24 28 29 29 
2 4 4 4 5 5 9 11 13 13 17 17 17 23 
2 8 11 12 16 17 19 26 27 31 34 38 39 40 41 
1 6 7 10 16 16 17 22 24 27 32 34 39 40 42 45 47 47 
3 6 9 14 14 15 18 18 23 24 26 30 31 36 38 38 43 43 49 
10 10 16 20 23 28 28 31 33 33 39 40 41 41 49 50 52 
7 9 13 16 16 17 19 19 23 25 28 29 36 36 37 38 45 46 
1 8 9 13 15 17 17 17 19 19 26 27 29 30 34 39 
7 8 10 15 15 23 24 28 32 34 35 40 42 46 52 55 55 59 63 
4 5 11 12 16 20 21 24 27 31 36 37 38 45 46 51 51 51 54 
0 7 8 10 12 17 18 18 21 22 26 28 30 37 38 39 42 43 48 
3 4 5 5 12 14 21 22 29 30 31 31 33 37 37 40 40 41 44 
8 9 15 18 21 23 24 26 27 28 30 31 32 37 37 41 44 48 51 
2 4 5 8 12 18 20 22 27 28 33 36 36 37 40 40 43 
6 8 11 12 14 15 15 16 19 25 28 30 30 37 37 39 40 
5 5 12 15 21 22 22 23 28 31 34 40 42 42 42 44 
4 9 14 16 17 17 19 21 21 26 30 31 32 39 42 42 46 47 47 
2 6 8 8 10 15 16 18 20 20 20 20 25 25 29 29 29 
1 2 6 9 16 19 21 28 29 30 30 31 33 35 39 42 45 47 47 
5 8 11 15 16 20 21 26 27 35 36 45 45 46 51 53 57 
2 2 7 9 10 12 16 19 19 25 28 34 35 40 42 44 47 
7 9 10 14 15 16 22 22 26 29 32 32 39 41 41 41 44 51 
6 7 8 10 12 17 19 20 22 29 30 35 37 38 40 42 
7 7 8 10 12 15 19 21 23 28 28 30 31 31 32 34 34 37 
1 8 8 11 14 19 22 22 23 23 24 24 25 31 32 
1 7 7 9 10 14 18 18 19 25 27 30 32 33 33 36 36 36 38 
5 9 12 12 15 16 21 21 23 23 24 24 25 30 34 38 42 47 
0 3 5 10 12 13 19 20 20 22 28 32 36 40 44 47 49 50 54 
3 5 8 10 15 15 15 16 17 18 20 26 30 35 35 35 38 41 
7 10 16 16 20 21 25 28 34 37 41 43 51 53 57 62 63 65 71 
1 4 9 10 18 19 26 26 36 36 38 41 43 45 49 51 55 61 62 
1 1 1 5 6 9 11 11 13 16 20 21 21 25 27 33 37 39 
8 10 15 19 23 26 26 27 31 36 37 37 41 43 48 53 57 63 63 
1 2 7 10 11 12 14 21 21 22 23 24 30 31 32 41 42 
3 9 11 13 18 20 23 23 28 29 29 32 35 35 39 44 45 49 
4 7 9 9 12 13 17 18 18 18 19 19 21 22 
7 8 10 15 19 22 23 24 24 28 28 28 31 32 34 
4 4 5 7 8 14 17 18 18 21 24 26 27 35 35 37 37 37 
0 3 3 8 8 10 15 16 19 19 22 27 28 30 32 
3 4 10 11 13 15 20 21 22 25 27 31 32 35 37 41 41 41 42 
3 6 9 13 16 16 22 24 25 30 31 33 36 36 36 37 41 
5 6 13 15 16 17 21 23 23 23 29 31 32 38 41 47 51 
1 8 10 11 18 20 23 26 30 30 31 36 40 40 41 44 
4 7 8 9 16 17 21 25 27 27 31 34 35 36 36 40 40 
4 5 8 9 12 12 14 21 21 24 24 30 31 33 33 39 41 42 
0 1 8 8 10 15 19 19 23 23 24 25 26 26 30 30 31 35 
6 6 10 15 15 20 22 24 25 27 29 29 34 34 36 39 41 42 
0 2 6 7 11 12 13 16 16 18 18 21 26 28 36 37 40 40 41 
0 2 3 8 12 17 19 24 24 27 33 37 37 39 45 46 47 51 
1 4 8 13 14 14 15 19 20 22 25 27 30 31 34 34 43 44 46 
4 9 13 13 14 15 20 23 27 32 33 37 40 47 47 53 56 61 
3 7 10 10 13 15 17 18 21 21 28 30 30 32 
5 6 6 10 12 14 17 21 21 23 31 33 37 40 43 46 
5 8 13 13 15 15 19 25 29 29 32 39 39 45 45 46 50 50 
3 5 7 10 12 13 14 20 21 26 29 32 33 33 
0 2 7 12 12 20 20 26 28 29 32 35 35 37 37 41 41 45 46 
0 1 5 9 13 13 15 16 17 18 19 20 20 23 25 
1 3 7 7 9 10 13 14 22 23 23 23 29 31 32 34 39 42 
7 8 11 12 16 20 24 24 32 32 33 33 35 36 38 45 48 51 
7 9 13 13 15 18 18 23 24 24 27 27 27 30 33 34 
7 9 10 11 17 17 19 24 29 31 37 39 40 40 45 45 45 52 
5 6 10 14 16 20 20 21 24 26 32 34 37 40 40 45 48 50 
4 6 9 16 18 19 20 22 27 28 30 35 36 36 44 46 47 51 56 
0 1 6 7 8 10 13 13 16 21 21 21 21 26 30 32 36 36 36 
6 8 13 14 16 21 22 25 26 27 28 30 32 36 36 41 42 
2 7 11 12 15 16 23 26 27 28 32 32 36 40 
4 4 8 12 12 19 22 23 26 30 33 40 42 46 50 50 53 54 
7 9 10 12 15 17 17 25 27 27 30 31 31 35 38 39 40 40 
0 2 10 12 14 16 20 21 25 28 30 34 36 37 39 39 42 47 50 
7 10 11 12 18 20 22 27 28 30 34 35 40 43 44 46 47 
0 7 9 10 11 12 19 20 22 27 28 35 38 40 43 
8 8 14 14 19 19 24 25 26 27 34 35 35 35 
4 6 13 14 18 22 23 27 29 29 35 36 38 40 44 46 47 47 51 
8 9 10 11 16 20 21 21 21 21 25 28 28 29 33 36 43 44 
3 5 6 11 13 18 18 20 22 29 30 33 38 40 46 
5 9 13 15 18 19 25 25 28 29 35 35 36 38 42 43 43 
3 3 5 8 12 13 16 19 24 26 26 32 34 35 36 41 43 45 46 
1 2 3 7 11 13 14 23 24 29 31 31 31 35 35 35 37 42 
3 4 7 12 12 14 15 16 19 23 24 24 24 32 34 
9 10 13 13 20 22 22 23 24 31 34 36 38 38 38 41 47 50 52 
4 10 11 17 20 22 28 28 29 29 30 35 36 38 44 48 49 51 51 
0 1 7 9 17 19 20 23 25 27 33 36 42 42 47 50 54 
6 10 12 13 15 16 17 17 19 24 27 29 32 37 37 42 43 43 47 
1 1 4 6 11 11 14 16 22 25 30 32 32 39 42 42 
3 5 6 9 11 16 19 19 21 23 23 25 25 25 27 31 32 34 36 
5 8 10 14 15 18 22 24 28 29 34 37 38 45 45 46 
7 9 12 17 18 18 20 23 23 26 28 31 32 32 38 39 40 45 
0 1 5 10 10 11 18 20 23 27 29 30 34 34 34 39 43 
5 5 6 8 9 15 16 21 21 24 26 33 35 38 41 
1 1 10 11 16 17 17 23 27 32 34 38 41 48 50 54 
6 8 9 9 15 19 19 20 22 22 24 26 29 31 32 
1 3 6 9 15 16 17 24 25 26 27 34 34 36 37 43 
2 6 7 7 11 15 15 18 22 24 24 25 28 28 33 38 42 42 46 
1 4 6 8 9 12 16 18 23 24 28 29 31 38 39 39 41 42 
1 5 6 7 11 11 12 13 16 18 20 26 26 27 29 36 
1 1 2 4 6 8 8 11 12 13 17 17 20 23 24 24 31 33 40 
0 6 6 6 10 12 15 17 18 18 23 27 33 35 35 40 43 48 48 
3 9 10 10 12 12 13 20 22 29 29 30 33 34 37 37 39 43 
2 2 4 4 5 11 11 13 20 20 21 23 26 30 31 36 39 
8 10 16 18 23 26 27 32 34 37 37 41 43 44 52 53 55 61 64 
2 3 5 8 13 15 18 22 22 22 28 31 35 35 40 40 43 44 
4 7 12 12 15 17 18 25 26 26 29 29 34 36 39 39 41 
9 10 15 16 18 22 23 26 26 26 26 29 31 31 32 36 38 
2 3 10 12 19 19 22 22 28 32 36 36 38 40 43 43 46 
8 9 10 16 17 19 22 24 26 30 31 34 37 40 40 40 41 43 46 
7 8 15 15 22 24 25 29 31 37 39 41 47 48 49 52 54 58 62 
2 4 5 11 14 17 22 27 28 36 37 39 44 47 51 56 56 57 62 
0 0 4 6 6 10 10 10 13 14 18 20 21 23 28 31 
4 7 8 8 9 12 13 15 21 22 23 31 33 33 34 36 39 
0 2 2 4 10 10 11 13 17 18 19 21 23 25 25 
7 8 9 13 15 17 17 20 24 24 28 30 33 34 40 42 42 45 48 
2 6 7 9 9 11 14 15 17 23 24 25 28 30 36 37 43 46 
4 7 9 14 14 18 24 24 27 29 30 33 40 42 42 47 47 48 53 
6 6 6 7 11 11 14 15 19 20 24 25 27 30 35 
3 4 9 13 18 19 22 27 27 33 33 36 41 46 50 52 53 54 
4 5 8 11 15 16 21 24 24 24 24 25 32 33 35 36 
0 0 5 7 12 15 18 19 19 21 21 23 28 30 32 34 37 37 
8 10 13 20 22 24 30 32 35 38 38 38 40 48 50 56 57 60 
7 8 10 10 12 14 18 22 22 22 27 28 32 35 37 38 41 44 
2 2 9 10 11 13 18 19 23 24 30 32 33 39 43 45 47 47 50 
3 5 8 10 17 17 20 22 22 27 29 30 31 35 38 39 
4 5 6 10 12 15 15 15 16 23 24 24 26 32 35 41 
4 5 6 7 9 11 15 15 16 18 21 21 21 21 25 29 35 
3 5 7 12 12 14 22 22 25 30 34 38 44 46 48 52 56 60 
1 1 2 4 4 6 8 11 12 12 17 19 20 24 27 27 28 
5 5 7 8 10 11 12 15 15 18 22 25 26 29 34 
5 8 15 17 22 24 24 31 33 37 39 39 44 46 48 50 50 58 59 
2 8 10 15 18 22 23 24 30 31 31 31 34 36 
8 8 11 13 16 16 19 19 23 25 27 27 28 30 31 32 
1 2 10 12 15 21 21 30 31 36 37 41 45 48 51 52 53 
0 0 6 7 7 7 9 10 11 16 17 24 24 24 26 
6 8 9 11 16 17 23 26 27 27 29 36 37 41 43 47 49 
4 8 12 12 13 17 17 20 23 23 24 28 29 29 29 38 39 43 
0 1 7 10 11 11 18 21 23 24 25 25 27 33 36 37 39 
4 5 6 13 13 15 15 16 19 21 24 28 30 33 36 40 42 44 46 
3 7 9 11 14 17 19 19 20 23 23 24 29 29 38 39 42 48 52 
2 3 8 9 15 17 19 23 25 26 30 31 33 35 36 38 41 41 
6 6 8 11 12 13 15 16 20 24 25 27 30 30 33 
1 4 7 12 17 20 23 24 29 32 35 38 39 39 40 44 46 
1 1 1 1 2 11 12 13 18 20 21 23 26 26 29 36 38 42 
1 2 4 9 11 11 14 15 15 18 18 20 20 25 25 
2 7 7 12 17 19 23 26 28 30 35 39 44 45 45 45 49 49 
7 8 9 12 15 16 16 20 23 26 28 32 33 38 38 41 
9 9 10 13 15 15 17 19 23 24 30 30 31 33 36 38 41 44 
1 1 3 3 4 6 9 9 15 15 15 16 17 23 23 25 25 29 
6 6 8 13 14 14 18 19 21 28 31 31 32 33 38 43 43 
4 5 8 8 12 15 16 20 21 28 29 33 33 37 37 39 46 
0 1 3 3 5 13 14 18 20 27 29 34 34 35 43 45 53 53 
0 3 5 8 15 15 16 17 22 25 31 32 33 33 39 40 41 41 
3 5 9 11 16 17 22 26 26 32 36 36 41 42 44 49 52 52 
1 1 4 5 6 10 13 17 20 26 29 35 36 40 41 43 46 46 51 
1 7 10 16 20 22 24 31 32 37 37 37 39 39 40 42 43 46 48 
2 3 4 7 7 12 12 15 19 20 21 24 25 26 28 33 37 
1 2 5 8 13 14 21 21 23 24 25 31 32 35 35 35 42 
1 4 8 10 12 17 19 20 23 24 33 33 38 41 47 51 
5 5 8 10 13 19 22 22 26 27 28 31 32 34 40 40 41 43 46 
8 10 12 16 18 22 27 27 29 30 35 38 45 47 53 53 57 58 65 
9 10 10 12 14 17 19 24 24 31 32 33 37 42 45 48 49 49 51 
2 4 6 8 11 13 14 17 17 18 19 21 22 26 28 
2 4 5 9 9 11 13 13 15 15 20 25 25 32 34 36 40 40 
5 9 12 14 14 18 19 21 26 26 26 30 34 36 39 46 48 53 54 
1 7 9 10 12 17 20 23 24 24 29 33 33 35 39 43 44 46 
0 4 6 8 12 13 17 18 18 20 25 28 29 30 33 34 
7 7 8 14 14 16 16 17 18 26 28 28 31 33 39 40 46 48 48 
1 4 10 10 18 20 21 29 29 29 32 35 35 40 42 45 46 49 
7 10 13 14 14 22 23 26 26 26 28 36 38 39 39 42 43 
0 5 5 10 12 18 22 22 28 32 34 39 41 47 50 51 51 
3 7 7 9 9 12 14 14 14 16 19 20 24 26 32 32 35 35 41 
4 10 11 12 13 14 15 20 23 27 29 29 35 39 40 44 
0 3 4 6 11 12 14 14 14 18 23 24 25 30 34 40 40 42 47 
2 8 11 12 18 19 22 26 27 28 30 30 32 34 34 39 41 
5 9 12 19 21 28 28 31 32 36 37 38 45 47 51 53 55 58 59 
5 5 5 6 6 9 11 15 17 17 18 20 21 26 30 33 
0 4 5 11 12 15 15 20 21 24 28 28 32 35 36 37 39 
2 6 11 16 21 25 29 32 34 34 39 44 45 53 54 59 59 
4 5 10 12 13 15 17 19 23 27 27 30 31 35 41 45 49 54 58 
0 8 9 13 17 20 21 27 29 34 37 43 44 48 50 50 52 
0 2 3 3 4 4 7 13 17 17 23 26 27 27 29 29 30 
6 10 11 12 17 17 19 21 23 25 26 29 33 36 42 43 
1 6 7 7 11 13 15 19 20 24 25 30 30 31 34 35 37 43 
3 4 4 10 14 17 17 18 18 26 26 29 30 30 32 38 40 42 
0 3 5 5 7 8 11 12 18 21 21 22 26 
0 8 8 9 10 11 12 13 15 15 18 19 21 
1 3 11 12 15 19 21 22 27 29 32 35 39 40 42 46 48 49 53 
3 4 5 13 15 15 16 17 21 22 23 26 30 34 37 38 41 43 46 
3 7 8 12 15 17 22 22 29 29 32 35 42 43 44 
1 4 5 7 7 10 15 15 17 17 25 27 28 30 33 34 39 
7 9 13 13 17 21 24 29 31 31 33 40 40 47 49 52 55 56 57 
0 1 5 6 7 10 13 18 19 20 28 29 30 31 35 
4 6 8 9 17 18 22 22 25 26 28 29 29 32 38 40 43 44 46 
5 7 11 15 16 16 21 26 27 29 30 34 39 39 41 48 49 53 57 
4 9 10 10 11 12 14 14 14 17 18 18 20 28 29 29 32 
8 9 11 11 11 14 18 22 24 26 29 33 34 36 36 38 
6 6 7 7 9 11 15 16 20 20 20 25 28 30 33 38 38 
1 5 7 7 11 14 15 15 17 20 21 24 25 25 26 32 35 35 42 
8 8 8 9 9 9 12 12 15 15 15 20 20 20 30 30 35 35 40 
4 5 7 7 8 10 14 17 18 21 21 27 30 32 37 38 
