1011000001110011000
101010100000001111001000
00001110111110010
1000
11100100101010011001111
01100111100000100111
0100
1011110001101111101001
0110111101011
1001
001000
0110100000000011100101011
010001110100
1011000
1101110110001011100101
001010100
110010010111101
10
111010011
010
00100011111110011110101
001000101
1101010010010010111
11111010010
00000011
100
001
01011
000100001010010011101
1110100010001010101
010111
1010111110011100111000011
01111001100
0111100001010011000010
000
001000000000110111101
1110000011101100
00000010011
1000
110100100101001
110000
111000001011101101
100011
100101
110010111010011001000
0100011100111
1110101000110001
111100000110
01001000000
1111110000111000
10100
0000111110
01000100011011110001111
0110000
00001110
01
010111101011101110011001
111000011111
1011001001110011
1101101111111011010
1110101110101110
001011111100
00111010101010001010011
01110
1110110111101001101110101
100
0101110100011001100100
0101001110111
00
1010010100110
00101
011
00111011101000011011
1001010010100101001110001
1111110101100100010100000
10001110010100
110111010010
1000
1101010001000
0011111010001
001110101101100
111010110101110001000
11100001110000101
001010010110000100110
100010010010011111000010
110110111
1000101110011110001100011
0011000001
11
100100011110011
1111010
01
1111000
000000110110100
00001
101010000
100101
111001010101100
010010
100
111010
010011
00001100100011100011010
0001101001
11000001011010001100011
011000011111000010110
011111101110
0111001001011110001101100
0001101011010111
10110110111111011100110
0100101110010101110001100
1000101000000111000110
0000001010011
00001111001101
00010010110
00101011101111010111000
11100100
101100
010100111011011
11000100111
011010011111
011
011010000100110110111110
101100011000101
0010011110101
0111000110
010110010101110
101111000101010
000101111001000011110001
1111101011110101011010011
01010110010
0011
01101010011111000110010
011110010
0111101001100001000011010
00111011
00001101110110110000111
0111000000011001001111000
1001101111110010001011
011011101000110101
110010000
010011101001
101
100111100
101101110101
0101000001110011101001111
00001100101
000
000100010101101100
101101
00101100111
1111011
1100101110100101100
10100000000
11001111010
10110110
01001011001001001000
0000010100010
001111
111100011101000
1010111100100000001101
100111
01001
101111111010100110010100
100111011
001
11101010001000111
11000011011
011010011
1000111111010010
111
0010100110101111
0010001001010010111111110
000100111101000110111011
001
01111101100000001011
001101111011001001
10110011000001
11111
00101111
111
110010110010010000011011
111011001101111100000001
0000111100010101101000101
101011011011010
11010
00101011001010011000
100
11100101010110
1011000011
10100
1001011
110
100001001011110110010001
00
100101011001
11000000
01000100010110
110110110100001011101011
01001
010111101110111101
010000010111001101
100001110000011101
0111100011000
0011111001100
100
1010011000001011
11001110101010111010
00001
11110100100010
10000001001100
110110
1000011111101011
1000100101010010
010
0011001101001001101110000
000111
11000000010010
110
11100100000000010
0110001000011001
01000000001110100
1111101
101000101110001111010100
1000101101
1101101000100111
10010
110111001
11010011100111001110
000110011111101
111100000111010010
01000101010101
000
1011111010010011
0010010
10011111
10000100110100001000110
1001010001000000000011001
000110
11010
000010
011010110101011011001
10010111000100100
1000111011101
0101101111011101000001
11100
1001101010100010110
100100011000001101100101
00110
10010011101001
0001011
0110111110010010
01100010111010100001111
111010001011110000111111
111
1111000111100110011011001
01
00011011001110
0100101000000000
1011101101
0100
0111110101000111000010
0000011001110
010011
0010000010010001111100110
0001110101101
001010
110001001
1100111
1111101111001110111100011
0100000101001010110
110110000000111001101
01011000110
11001110111010
01
01001
011010011101011011001
0110100010110111000110
111000011010000110
1011000010100000111100
000100010100110001101100
11110100000001000101101
110101001000
1001
1001100101
01000001000001100100111
1010100
01000011001110011110
0101100010101101011001111
0111000000010110000
1101010
10010100101
001010000000000
1111001001010011000101
00
111001101001000110
00111001
11101
0101111
0110111011010010
10100001101010
1011010100010100001010100
00000000110111000100001
110010001001
101
000010111110001
000001111011010001101
1000011011111100001000000
10
11001011110011000010011
11101000000001111
101000110110010110100010
111110101110100011010
1001100110101000001111
1100111010111111001000000
1011011001110
00100000
000111001010110010001
11111010101
001100111011011111000000
0100010111011101110
1011
000010100111
0010101101
0110011110110010000100101
1110101000001011101100
11011011011
0001011010100
01010010011000000001100
11111110101011011110
01
01110
00101011100
00
0101011
00110101010
001101
001000001111000011
011110101000101
01000100010010
01111
0101000111000001101001011
1110110010101110111001
1011110101010
100011010110001111111011
001001110100010010100111
1110100100110110101
1111101100111
00110000
001011110000011
1011111100
01101011010
10100100
1000011010000000110110
10110100111100
101001110110000110001110
01
011100000100100100000
0011101110001
0000010101010111
00100111
101001001110101
11101000000
01101
010001110100
110000
1011
100011010101010000000
111110000001111001101111
01
010111011
1101110100111011
001010010
0001101111010
10011101110111011
11110100
001111111000101
0010
00
10000010110010
10100010
000101101
00010100001
011010
00000101000
011010
0101111
110101011000111
110011110
1001100111011010110100
010110
011011010001001
00101
0110010010
000
1110110000010111011010
01010111001111111000
01011000001100110
1011010111001101011101
01111111
100011111000100
000001100001010
01110011
0000011000011101011110
10100011
01111100111011
11110011011110000010
011111100
10
11
01111101101100110001
11110010101001010011000
1001111
11100
0000010
11010001
00100111101100
000011001110
10001101
00101010
1111011110010110111010
1011110
01011011101
000
01111011101
1011
1000110110100100
11111100011110010011011
110010010010
01001001101
00100101100010111110101
0111111100100111110001
00011110000001
01001
011100000101
01001111010
1011001011111
111101110000
01011011000001100
0100011111
1100110100010100
00010000110000
001
100110110
010000
11
1101001100011011011111010
100
00001001111000001001
1001010001000001100
0101100111111100111010101
0111110
0000001011010010011111
000100000111010011110010
00011011011100101
10101010100101110011
0110010
1011000010011
0001100111110110
11
01000001111000110000010
10011010
110001
11110000
101101100000011000100
11010001010100
1101
001110011110011011101
00000001011001111
0111100101010011001101001
01011001
0100000101011110110
011011010000010
11100000110101101010
10
110011100111110001
0000011110110
110
10111
1010111101
110110000010111000
00000100110100101
1111110010
0111001
00000111
000111011011
011
10001010101110010
00011
1000001101110100111
1110110110110000001
0001010100100001001010101
11011111000011010
001110000011
110011010011101101
1000011
10101110000101
0101010001101001000000100
011100111000100101100111
11
1000000
1101100000
100001
0010010110
10011
100001101001111010
000001111011010010000010
1011001100111001000010000
00
011011110101011011000100
11
10011110011010010100
10001001110000
01111000000
1011111001001111110011
11
0100001111101101110010010
1011010
0000010001
1100111010101
0111110011
110101011010010111100000
0100001110000110000110010
10101111101101
010100
001101011001
101
0110111000111001
00011101
101110010110110
1111100
001110100101100010101
1000101111010001
1100101100000101111010100
000
100001110101010011
0111000110100110101010
01001010
1100011
0010011101100010
11111111111001111000100
00111110
10110010100
1101001100001100111010
0101011100011101001
000111110011101111
00110110001101101111
11111111001100001001010
111011000000
001001011010011000111
001011101010010001011
100110001
11110
1001001011111
1011000011010111111
1010
110100101111011011001100
10101011100110010
10011111111101000110
0011100101011010
0010110110010001
1111001010001000110100100
0000101001010
001010001111100000010
11101110111111
0010100001
1000000101001011101000
010011
001110000100000111010
01110010000
0101
10101
10110101111010110
0111010110000
001110010101010
000100110
00100000
001111010
1110010
11110110
0000000011100010001100
0000110000001000110010
0101100000010100010
011101001110100
1000011110000
1000001011101
00010101100
010011110
100010011000
00
0001110000110
010010100011001
0101110
1101100101
10001011
0110101011011101
00000110011100
100010001111
01101110111001101
00001101011010
00
0111010110100101001100
00101100010101
1110011011001001
10011001110100
11010100
110010110001011000001
11010110101
000
111011010101
110100000011110
10001110
0001100111000110000
00100010111011011101000
001100
01101001
000111010000111011011
0111010
111001110101110110101
1110101001000
1100
11100100111011111101001
110
00011000000000110
101101100001
11000001111100001
00100011011110000
100011011000110000111101
1110011100011111011110
11000000010010010001
0000001
1101000001100
111111011
1101010000011000001010000
111010110010000
0010000
000001010100
001010011010101100110
00101011001
00100010011100110011
001100000010
000111111111
0110011
010000
0010001100
101
101110111111
11101100000100101
001110011001110000
000011110100000
011110011101011
101111110111011000000010
100010010111101100
0100000000111110101000
00111010011111010
010010101111
011001
11
1011011001100
11010
00001100000110110100000
11
11010
011101
11110010110011110001010
0001011001001010100
010
111001001000010100101
111010011011000101001
010000010011111101
11011110101001010
01011110010001000100
100
11
1001101101011110
11100100110001001
0010100
1011100101100110111001
0010101011111100001
0101101001111000111111
10111
110
1001011111
01111101100
10010001010100011111100
111
10101100
1010001011001
10110101
1010111011000111000101
1010010010010000101100101
011100000100001111
111001101
10000011101101111
001
00110010001010101110100
0011111011110
011000110101
0000
1001011
011100010
101001010110
1000110110101101111111001
1111011111101000011
10110001010010111011
111011010
10011011001
10
1111111010010000100
11001011000101011110
1001010010101100
10
01
01110
1100100110000101101
1001100100
000000
1001111000
100
101100110001000
1001010111011010001
1110111
0101010110011110
01101101000010101000
11
0010000010111000
11
01101111
00011010001011
100000010101110110001111
1111010011001
11010
00100000100011111000
0111
100000100
0011101011001001
0010111011000000000110111
00101001000110110
0010101
00010001010011
01100100111110
001011011000111010101
10001
1001111000010100011110110
1101100101011
101101110101011000010
010000110001001010101001
011000111010110110
0011000011011000001111011
0000101010011110011010
01010011011010101
1010100
111100100001010
11101110101000000010
000011110001101
0110001
00
0110111110011
0001011011000
1010
0011001000111100
1010110101110000010100
0100001110000010111011001
00
0101001101111000000
10001011101000100
001000011
1011100
011110011000
1111110
1001100001011
0001100000001001011011
11011010101000101001010
001111000
010000011001101111001
010100101111101110100010
0000111000
000
001
0111110
101010010001001101111110
10001
01101101001000
00
01000101001101
00110111110110
011110000001
00010001001000
0110011
00011001110
110011001010011010001110
00001
100110101
01
110
1111
10010101010010
010001101110
01010011
1101001000001
1000001001100100011110
1111100000000100011001110
000110
010011
000010101101011011
1011001001100110010
0000110110101110011001
1111000011010010110011000
000111001101000110011
1110100
10111011011010
0010110
110010001011
100111000010011011
00100000101110111001
1000011100001011010110
01000100000
1011011011
001011
100
001000010100
110111111110001001100
01001101000111011010
01
10000000111011010000
00111
10110101100
100100100000110111
10111001010011110
100001
11011010111100010000000
01101011011011000010111
001000
1111
100101001010000
00100010110010000100010
110111001010111
0111
1101010
0000101110011011000100100
10100111000110110011
111
110011010011101010100
100011101011011010
0111110111
0010101011
11001000001
01
00
0001111100
10011010
00101
11
110001
0000111100111111011
001101011111100
1001001100
000001111010110
1001100010000010101011111
010001
11110001010
1100110100
000011111110
0100110110010010011
100000111111
0001010001101
0100
10
1100111011000001110
001110001010010011011000
101000111101001111111
10101100010001110000001
00110011000001010
000111100000100100011000
1110101101010010011001100
101110010010111101011
01
10
000
000011000111010101100
1010011000010000011010
10101010010011000111101
0111110
101000001111111101111101
11000
1000010110010
0101100000
111000100010100110011101
01000111011
1111101111100000100
11110100
0111000110101110101
0101
11
110111011011111011
10110111011
10011011101101100010101
0000101101110001
00010010010
0010110001101001010
00011001110000010
0101100
000000010001110
11
11
1001
1110
1011101101111000111110000
11000011010
10
0100110000000101001
0100110100010110101110001
111101111
11
01100100010
000
00110000
01100100
0010000010100011011101
1001010001000100001010
01010111100010110
011110110100
0110100
0000000010101110010
000000001
1000011111010001100110101
0111111
11011
1101100011
11100000
101100111011110011
0011
11101
1011110000111001
01001101
01
1110101100
11111001
0010111
01111011110000
01111
100111101101
000101001011110001
0111101101100111
1010110
000100010001101111
100111000011011111
0101011011101010000011
0001011001100
0010000110100001010011
11010
00
0100111011000111
01101100111101
1101100010
00011010100000000110
001110101100111101111
0110011011000100110
101010100100
001110011101011
10111101000
011110000000011001110
1100011000001001010001
101100100
0100100111010011101
0010001100100000011000
01111010101011
011
0001011
0011000111
1001001001101000111
00100011100000
0111011100000010
10100111
01101110101110100100
01101101110
1110101001110101010
0111011101100011
10
00110001111
1000000011100101001110101
0111111000
00
1011000011111
10111100001010110101111
10
01111001010101100111
11001111100000011
1111110001100100
001111101010010
101011000111
101
000
0101110010111
1001011101001101000110010
0001011100100111110001
0111
111011011001000100011000
1100
11000010000100011001
