60 115,5 103,4 119 214,6  
67 130 134,5 100 209,0  
3 110 89,5 123 207,9  
31 112,5 101,0 110 195,5  
45 112,5 98,5 111 193,8  
66 126,5 125,7 124 246,9  
7 121 115,8 127 244,9  
13 131 136,8 115,5 242,2  
54 124 121,7 123 241,1  
69 125 124,0 121 239,8  
58 133,5 141,3 111 238,6  
30 116 103,8 127,5 233,3  
52 130,5 134,4 110 228,4  
16 121,5 117,7 115 222,2  
8 116,5 105,7 120,5 221,1  
43 116 105,8 117,5 215,3  
40 110 92,5 108 183,4  
9 113 100,4 104 181,6  
34 133,5 141,3 84 178,0  
59 107,5 87,5 104 163,2  
27 111 94,8 97,5 158,8  
49 105 82,0 100 155,5  
39 111 94,8 95,5 154,7  
33 104 77,2 102 154,3  
28 111 95,3 87 143,4  
10 108 90,9 62 90,9  
47 139 150,2 133,5 291,5  
1 132 136,1 134 277,3  
71 122 118,6 135,5 261,0  
70 131 135,3 124,5 257,4  
