58 130 136,0 121 254,3  
34 129 133,2 121,5 249,9  
48 130,5 134,9 120 248,9  
66 124,5 124,1 124,5 248,2  
49 134 140,7 115,5 246,6  
43 129 133,2 119 246,4  
61 121 117,3 127 245,4  
71 125,5 124,4 122,5 243,9  
1 123 119,4 119 232,1 
67 124,5 122,6 114,5 226,7  
13 119,5 114,1 117,5 224,1  
23 127 128,1 110 222,1  
60 117,5 109,5 118,5 220,8  
70 122 119,6 112,5 219,1  
3 120 114,0 115 218,0  
28 121,5 117,7 112,5 216,7  
7 123,5 121,8 110 216,3  
6 125,5 125,4 108 215,8  
39 120 113,5 114,5 215,6  
56 121 116,8 112 215,4  
52 125 126,0 107 215,1  
9 122 118,6 110 213,1  
45 119 112,2 108,5 203,5  
54 114,5 103,1 111 199,9  
55 114 102,2 111,5 199,4  
53 116 106,3 108,5 198,1  
26 114 101,7 110,5 196,6  
29 112 99,6 101,5 177,8  
65 113,5 99,3 102 177,4  
59 116 106,3 97 175,4  
