54 119,5 114,6 122 233,7  
61 122 120,6 119 232,8  
41 116 106,8 123 227,7  
26 123 121,4 116 227,7  
38 119 112,7 114,5 217,8  
74 116 105,3 116,5 213,0  
42 117 107,6 114 210,8  
5 121 114,8 110,5 210,2  
19 116,5 107,7 113,5 210,0  
72 116,5 105,7 114 207,4  
15 118 109,9 111 205,7  
73 117 108,1 109,5 201,7  
66 121 117,3 105 195,8 
49 134 142,2 126,5 270,9  
1 132 138,6 127 267,2  
13 129,5 134,6 120 251,6  
69 128 130,4 119,5 245,5  
43 120,5 118,9 125 244,4  
34 125 126,5 120 242,0 
8 120,5 114,9 122,5 235,9  
47 128,5 132,3 114,5 235,9  
58 120 116,5 121 234,8  
50 120 115,0 117,5 226,0  
60 117 109,1 121 223,9  
45 121,5 116,7 115 221,7  
3 123 120,9 112,5 220,4  
7 120 115,5 114,5 219,6  
6 117 108,6 118,5 219,4  
65 119 112,2 115,5 218,1  
56 117,5 110,0 117 218,1  
